-10 1.31873e-42
-9.99 1.60893e-42
-9.98 1.9626e-42
-9.97 2.39352e-42
-9.96 2.91848e-42
-9.95 3.55786e-42
-9.94 4.33644e-42
-9.93 5.28433e-42
-9.92 6.43814e-42
-9.91 7.84229e-42
-9.9 9.55076e-42
-9.89 1.16291e-41
-9.88 1.41568e-41
-9.87 1.72306e-41
-9.86 2.09675e-41
-9.85 2.55097e-41
-9.84 3.10296e-41
-9.83 3.77364e-41
-9.82 4.58836e-41
-9.81 5.57785e-41
-9.8 6.77936e-41
-9.79 8.23804e-41
-9.78 1.00086e-40
-9.77 1.21571e-40
-9.76 1.4764e-40
-9.75 1.79263e-40
-9.74 2.17615e-40
-9.73 2.64119e-40
-9.72 3.20497e-40
-9.71 3.8883e-40
-9.7 4.71638e-40
-9.69 5.71967e-40
-9.68 6.93498e-40
-9.67 8.40683e-40
-9.66 1.0189e-39
-9.65 1.23465e-39
-9.64 1.49579e-39
-9.63 1.81179e-39
-9.62 2.19411e-39
-9.61 2.65657e-39
-9.6 3.21586e-39
-9.59 3.89211e-39
-9.58 4.70963e-39
-9.57 5.69771e-39
-9.56 6.8917e-39
-9.55 8.33424e-39
-9.54 1.00767e-38
-9.53 1.2181e-38
-9.52 1.47217e-38
-9.51 1.77889e-38
-9.5 2.14907e-38
-9.49 2.59577e-38
-9.48 3.13469e-38
-9.47 3.78473e-38
-9.46 4.56865e-38
-9.45 5.51384e-38
-9.44 6.65322e-38
-9.43 8.02645e-38
-9.42 9.68115e-38
-9.41 1.16746e-37
-9.4 1.40758e-37
-9.39 1.69674e-37
-9.38 2.04488e-37
-9.37 2.46397e-37
-9.36 2.96835e-37
-9.35 3.57526e-37
-9.34 4.30539e-37
-9.33 5.18358e-37
-9.32 6.23964e-37
-9.31 7.50936e-37
-9.3 9.03562e-37
-9.29 1.08699e-36
-9.28 1.3074e-36
-9.27 1.57217e-36
-9.26 1.89019e-36
-9.25 2.27209e-36
-9.24 2.73059e-36
-9.23 3.28095e-36
-9.22 3.94146e-36
-9.21 4.73398e-36
-9.2 5.6847e-36
-9.19 6.82499e-36
-9.18 8.19237e-36
-9.17 9.83171e-36
-9.16 1.17967e-35
-9.15 1.41516e-35
-9.14 1.69732e-35
-9.13 2.03533e-35
-9.12 2.44015e-35
-9.11 2.92491e-35
-9.1 3.50526e-35
-9.09 4.19992e-35
-9.08 5.03123e-35
-9.07 6.02587e-35
-9.06 7.2157e-35
-9.05 8.63873e-35
-9.04 1.03403e-34
-9.03 1.23746e-34
-9.02 1.4806e-34
-9.01 1.77117e-34
-9 2.11833e-34
-8.99 2.53303e-34
-8.98 3.02831e-34
-8.97 3.6197e-34
-8.96 4.32571e-34
-8.95 5.16838e-34
-8.94 6.17396e-34
-8.93 7.37372e-34
-8.92 8.80484e-34
-8.91 1.05116e-33
-8.9 1.25467e-33
-8.89 1.49728e-33
-8.88 1.78643e-33
-8.87 2.13101e-33
-8.86 2.54153e-33
-8.85 3.03053e-33
-8.84 3.61289e-33
-8.83 4.30628e-33
-8.82 5.13173e-33
-8.81 6.11416e-33
-8.8 7.28321e-33
-8.79 8.67404e-33
-8.78 1.03284e-32
-8.77 1.22958e-32
-8.76 1.4635e-32
-8.75 1.74157e-32
-8.74 2.07206e-32
-8.73 2.46477e-32
-8.72 2.93132e-32
-8.71 3.48548e-32
-8.7 4.14357e-32
-8.69 4.92492e-32
-8.68 5.85243e-32
-8.67 6.95321e-32
-8.66 8.25938e-32
-8.65 9.80894e-32
-8.64 1.16469e-31
-8.63 1.38264e-31
-8.62 1.64105e-31
-8.61 1.94736e-31
-8.6 2.31038e-31
-8.59 2.74052e-31
-8.58 3.25009e-31
-8.57 3.85364e-31
-8.56 4.56834e-31
-8.55 5.4145e-31
-8.54 6.4161e-31
-8.53 7.60145e-31
-8.52 9.00398e-31
-8.51 1.06631e-30
-8.5 1.26255e-30
-8.49 1.49459e-30
-8.48 1.76893e-30
-8.47 2.0932e-30
-8.46 2.47642e-30
-8.45 2.92921e-30
-8.44 3.46408e-30
-8.43 4.0958e-30
-8.42 4.84174e-30
-8.41 5.72239e-30
-8.4 6.76185e-30
-8.39 7.98852e-30
-8.38 9.43582e-30
-8.37 1.11431e-29
-8.36 1.31566e-29
-8.35 1.55308e-29
-8.34 1.83298e-29
-8.33 2.16289e-29
-8.32 2.55165e-29
-8.31 3.0097e-29
-8.3 3.54925e-29
-8.29 4.18468e-29
-8.28 4.93288e-29
-8.27 5.81368e-29
-8.26 6.85038e-29
-8.25 8.07032e-29
-8.24 9.50559e-29
-8.23 1.11939e-28
-8.22 1.31793e-28
-8.21 1.55138e-28
-8.2 1.82582e-28
-8.19 2.14837e-28
-8.18 2.52739e-28
-8.17 2.97268e-28
-8.16 3.49572e-28
-8.15 4.10996e-28
-8.14 4.83115e-28
-8.13 5.67775e-28
-8.12 6.67137e-28
-8.11 7.83729e-28
-8.1 9.20511e-28
-8.09 1.08095e-27
-8.08 1.26909e-27
-8.07 1.48968e-27
-8.06 1.74826e-27
-8.05 2.05132e-27
-8.04 2.40642e-27
-8.03 2.82242e-27
-8.02 3.30967e-27
-8.01 3.88025e-27
-8 4.54829e-27
-7.99 5.33026e-27
-7.98 6.24542e-27
-7.97 7.31622e-27
-7.96 8.56889e-27
-7.95 1.0034e-26
-7.94 1.17473e-26
-7.93 1.37503e-26
-7.92 1.60917e-26
-7.91 1.88279e-26
-7.9 2.20249e-26
-7.89 2.57596e-26
-7.88 3.01214e-26
-7.87 3.52148e-26
-7.86 4.11612e-26
-7.85 4.8102e-26
-7.84 5.62018e-26
-7.83 6.56523e-26
-7.82 7.66764e-26
-7.81 8.95337e-26
-7.8 1.04526e-25
-7.79 1.22004e-25
-7.78 1.42375e-25
-7.77 1.66115e-25
-7.76 1.93774e-25
-7.75 2.25993e-25
-7.74 2.63515e-25
-7.73 3.07206e-25
-7.72 3.58068e-25
-7.71 4.17268e-25
-7.7 4.86156e-25
-7.69 5.66304e-25
-7.68 6.59531e-25
-7.67 7.67951e-25
-7.66 8.94014e-25
-7.65 1.04056e-24
-7.64 1.21089e-24
-7.63 1.40881e-24
-7.62 1.63875e-24
-7.61 1.90583e-24
-7.6 2.216e-24
-7.59 2.57612e-24
-7.58 2.99417e-24
-7.57 3.47936e-24
-7.56 4.04235e-24
-7.55 4.69549e-24
-7.54 5.45306e-24
-7.53 6.33158e-24
-7.52 7.35015e-24
-7.51 8.53086e-24
-7.5 9.89923e-24
-7.49 1.14848e-23
-7.48 1.33216e-23
-7.47 1.54491e-23
-7.46 1.79127e-23
-7.45 2.0765e-23
-7.44 2.40666e-23
-7.43 2.78875e-23
-7.42 3.23086e-23
-7.41 3.7423e-23
-7.4 4.33382e-23
-7.39 5.01783e-23
-7.38 5.80862e-23
-7.37 6.72268e-23
-7.36 7.77901e-23
-7.35 8.99951e-23
-7.34 1.04094e-22
-7.33 1.20377e-22
-7.32 1.3918e-22
-7.31 1.60886e-22
-7.3 1.85941e-22
-7.29 2.14854e-22
-7.28 2.48213e-22
-7.27 2.86693e-22
-7.26 3.31071e-22
-7.25 3.82243e-22
-7.24 4.41234e-22
-7.23 5.09227e-22
-7.22 5.87578e-22
-7.21 6.77848e-22
-7.2 7.81828e-22
-7.19 9.01577e-22
-7.18 1.03946e-21
-7.17 1.19818e-21
-7.16 1.38086e-21
-7.15 1.59108e-21
-7.14 1.83292e-21
-7.13 2.1111e-21
-7.12 2.43101e-21
-7.11 2.79883e-21
-7.1 3.22165e-21
-7.09 3.7076e-21
-7.08 4.26598e-21
-7.07 4.90747e-21
-7.06 5.64429e-21
-7.05 6.49042e-21
-7.04 7.46188e-21
-7.03 8.57701e-21
-7.02 9.85681e-21
-7.01 1.13253e-20
-7 1.30099e-20
-6.99 1.49421e-20
-6.98 1.71577e-20
-6.97 1.96979e-20
-6.96 2.26097e-20
-6.95 2.59466e-20
-6.94 2.977e-20
-6.93 3.41499e-20
-6.92 3.91662e-20
-6.91 4.49104e-20
-6.9 5.14865e-20
-6.89 5.90137e-20
-6.88 6.76277e-20
-6.87 7.74834e-20
-6.86 8.87574e-20
-6.85 1.01651e-19
-6.84 1.16395e-19
-6.83 1.3325e-19
-6.82 1.52514e-19
-6.81 1.74529e-19
-6.8 1.99681e-19
-6.79 2.28412e-19
-6.78 2.61223e-19
-6.77 2.98688e-19
-6.76 3.41457e-19
-6.75 3.90271e-19
-6.74 4.45973e-19
-6.73 5.09523e-19
-6.72 5.8201e-19
-6.71 6.64675e-19
-6.7 7.58928e-19
-6.69 8.66371e-19
-6.68 9.88825e-19
-6.67 1.12836e-18
-6.66 1.28732e-18
-6.65 1.46838e-18
-6.64 1.67457e-18
-6.63 1.90932e-18
-6.62 2.17655e-18
-6.61 2.48067e-18
-6.6 2.82671e-18
-6.59 3.22037e-18
-6.58 3.66812e-18
-6.57 4.17727e-18
-6.56 4.75613e-18
-6.55 5.41411e-18
-6.54 6.16187e-18
-6.53 7.01149e-18
-6.52 7.97665e-18
-6.51 9.07282e-18
-6.5 1.03175e-17
-6.49 1.17307e-17
-6.48 1.33346e-17
-6.47 1.51548e-17
-6.46 1.722e-17
-6.45 1.95627e-17
-6.44 2.22195e-17
-6.43 2.52321e-17
-6.42 2.86474e-17
-6.41 3.25183e-17
-6.4 3.69048e-17
-6.39 4.18745e-17
-6.38 4.75039e-17
-6.37 5.38791e-17
-6.36 6.10976e-17
-6.35 6.92691e-17
-6.34 7.85176e-17
-6.33 8.89829e-17
-6.32 1.00823e-16
-6.31 1.14215e-16
-6.3 1.29359e-16
-6.29 1.46482e-16
-6.28 1.65838e-16
-6.27 1.87714e-16
-6.26 2.12432e-16
-6.25 2.40357e-16
-6.24 2.71897e-16
-6.23 3.07514e-16
-6.22 3.47726e-16
-6.21 3.93116e-16
-6.2 4.44341e-16
-6.19 5.0214e-16
-6.18 5.67342e-16
-6.17 6.4088e-16
-6.16 7.23804e-16
-6.15 8.17292e-16
-6.14 9.22667e-16
-6.13 1.04142e-15
-6.12 1.17521e-15
-6.11 1.32593e-15
-6.1 1.49567e-15
-6.09 1.68681e-15
-6.08 1.90198e-15
-6.07 2.14416e-15
-6.06 2.41669e-15
-6.05 2.72331e-15
-6.04 3.0682e-15
-6.03 3.45608e-15
-6.02 3.8922e-15
-6.01 4.38247e-15
-6 4.9335e-15
-5.99 5.55268e-15
-5.98 6.2483e-15
-5.97 7.02964e-15
-5.96 7.90708e-15
-5.95 8.89225e-15
-5.94 9.99813e-15
-5.93 1.12393e-14
-5.92 1.26319e-14
-5.91 1.41942e-14
-5.9 1.59465e-14
-5.89 1.79115e-14
-5.88 2.01146e-14
-5.87 2.2584e-14
-5.86 2.53515e-14
-5.85 2.84523e-14
-5.84 3.1926e-14
-5.83 3.58164e-14
-5.82 4.01727e-14
-5.81 4.50498e-14
-5.8 5.05087e-14
-5.79 5.66177e-14
-5.78 6.34525e-14
-5.77 7.10981e-14
-5.76 7.96487e-14
-5.75 8.92096e-14
-5.74 9.98978e-14
-5.73 1.11844e-13
-5.72 1.25193e-13
-5.71 1.40107e-13
-5.7 1.56766e-13
-5.69 1.7537e-13
-5.68 1.96142e-13
-5.67 2.1933e-13
-5.66 2.45209e-13
-5.65 2.74087e-13
-5.64 3.06302e-13
-5.63 3.42235e-13
-5.62 3.82306e-13
-5.61 4.26981e-13
-5.6 4.7678e-13
-5.59 5.32279e-13
-5.58 5.94118e-13
-5.57 6.63006e-13
-5.56 7.39731e-13
-5.55 8.25168e-13
-5.54 9.20285e-13
-5.53 1.02616e-12
-5.52 1.14398e-12
-5.51 1.27507e-12
-5.5 1.42089e-12
-5.49 1.58306e-12
-5.48 1.76339e-12
-5.47 1.96386e-12
-5.46 2.18667e-12
-5.45 2.43427e-12
-5.44 2.70936e-12
-5.43 3.01492e-12
-5.42 3.35425e-12
-5.41 3.73102e-12
-5.4 4.14927e-12
-5.39 4.61346e-12
-5.38 5.12854e-12
-5.37 5.69997e-12
-5.36 6.33378e-12
-5.35 7.03663e-12
-5.34 7.81589e-12
-5.33 8.67968e-12
-5.32 9.63697e-12
-5.31 1.06977e-11
-5.3 1.18727e-11
-5.29 1.31741e-11
-5.28 1.46152e-11
-5.27 1.62106e-11
-5.26 1.79765e-11
-5.25 1.99307e-11
-5.24 2.20929e-11
-5.23 2.44846e-11
-5.22 2.71297e-11
-5.21 3.00545e-11
-5.2 3.32878e-11
-5.19 3.68615e-11
-5.18 4.08105e-11
-5.17 4.51733e-11
-5.16 4.99923e-11
-5.15 5.53142e-11
-5.14 6.11902e-11
-5.13 6.76765e-11
-5.12 7.48351e-11
-5.11 8.27342e-11
-5.1 9.14483e-11
-5.09 1.0106e-10
-5.08 1.11658e-10
-5.07 1.23344e-10
-5.06 1.36224e-10
-5.05 1.50419e-10
-5.04 1.66058e-10
-5.03 1.83287e-10
-5.02 2.02262e-10
-5.01 2.23156e-10
-5 2.46157e-10
-4.99 2.71475e-10
-4.98 2.99335e-10
-4.97 3.29987e-10
-4.96 3.63704e-10
-4.95 4.00783e-10
-4.94 4.41553e-10
-4.93 4.86371e-10
-4.92 5.35629e-10
-4.91 5.89755e-10
-4.9 6.49218e-10
-4.89 7.1453e-10
-4.88 7.86253e-10
-4.87 8.64998e-10
-4.86 9.51435e-10
-4.85 1.0463e-09
-4.84 1.15038e-09
-4.83 1.26456e-09
-4.82 1.38979e-09
-4.81 1.52711e-09
-4.8 1.67765e-09
-4.79 1.84266e-09
-4.78 2.02348e-09
-4.77 2.22159e-09
-4.76 2.4386e-09
-4.75 2.67627e-09
-4.74 2.93649e-09
-4.73 3.22136e-09
-4.72 3.53314e-09
-4.71 3.8743e-09
-4.7 4.24754e-09
-4.69 4.65578e-09
-4.68 5.10222e-09
-4.67 5.59032e-09
-4.66 6.12386e-09
-4.65 6.70696e-09
-4.64 7.34406e-09
-4.63 8.04005e-09
-4.62 8.80018e-09
-4.61 9.63022e-09
-4.6 1.05364e-08
-4.59 1.15255e-08
-4.58 1.26048e-08
-4.57 1.37824e-08
-4.56 1.50669e-08
-4.55 1.64678e-08
-4.54 1.79952e-08
-4.53 1.96603e-08
-4.52 2.1475e-08
-4.51 2.34525e-08
-4.5 2.56067e-08
-4.49 2.79532e-08
-4.48 3.05084e-08
-4.47 3.32903e-08
-4.46 3.63185e-08
-4.45 3.9614e-08
-4.44 4.31996e-08
-4.43 4.71002e-08
-4.42 5.13424e-08
-4.41 5.59553e-08
-4.4 6.097e-08
-4.39 6.64206e-08
-4.38 7.23436e-08
-4.37 7.87786e-08
-4.36 8.57683e-08
-4.35 9.33591e-08
-4.34 1.01601e-07
-4.33 1.10548e-07
-4.32 1.20257e-07
-4.31 1.30793e-07
-4.3 1.42223e-07
-4.29 1.54619e-07
-4.28 1.68062e-07
-4.27 1.82635e-07
-4.26 1.98432e-07
-4.25 2.15551e-07
-4.24 2.34098e-07
-4.23 2.54189e-07
-4.22 2.75948e-07
-4.21 2.99508e-07
-4.2 3.25012e-07
-4.19 3.52616e-07
-4.18 3.82485e-07
-4.17 4.14799e-07
-4.16 4.49751e-07
-4.15 4.87547e-07
-4.14 5.28411e-07
-4.13 5.72582e-07
-4.12 6.20317e-07
-4.11 6.71894e-07
-4.1 7.2761e-07
-4.09 7.87783e-07
-4.08 8.52757e-07
-4.07 9.229e-07
-4.06 9.98607e-07
-4.05 1.0803e-06
-4.04 1.16844e-06
-4.03 1.2635e-06
-4.02 1.36602e-06
-4.01 1.47656e-06
-4 1.59571e-06
-3.99 1.72412e-06
-3.98 1.86247e-06
-3.97 2.01152e-06
-3.96 2.17204e-06
-3.95 2.34489e-06
-3.94 2.53097e-06
-3.93 2.73126e-06
-3.92 2.94678e-06
-3.91 3.17866e-06
-3.9 3.42808e-06
-3.89 3.6963e-06
-3.88 3.98468e-06
-3.87 4.29468e-06
-3.86 4.62784e-06
-3.85 4.98581e-06
-3.84 5.37036e-06
-3.83 5.78338e-06
-3.82 6.22687e-06
-3.81 6.70298e-06
-3.8 7.214e-06
-3.79 7.76238e-06
-3.78 8.35071e-06
-3.77 8.98178e-06
-3.76 9.65853e-06
-3.75 1.03841e-05
-3.74 1.11619e-05
-3.73 1.19955e-05
-3.72 1.28886e-05
-3.71 1.38454e-05
-3.7 1.48701e-05
-3.69 1.59674e-05
-3.68 1.71421e-05
-3.67 1.83993e-05
-3.66 1.97447e-05
-3.65 2.11841e-05
-3.64 2.27237e-05
-3.63 2.43701e-05
-3.62 2.61303e-05
-3.61 2.80119e-05
-3.6 3.00228e-05
-3.59 3.21713e-05
-3.58 3.44664e-05
-3.57 3.69176e-05
-3.56 3.95349e-05
-3.55 4.23289e-05
-3.54 4.5311e-05
-3.53 4.84931e-05
-3.52 5.18878e-05
-3.51 5.55086e-05
-3.5 5.93698e-05
-3.49 6.34863e-05
-3.48 6.78741e-05
-3.47 7.25501e-05
-3.46 7.7532e-05
-3.45 8.28388e-05
-3.44 8.84904e-05
-3.43 9.45079e-05
-3.42 0.000100913
-3.41 0.000107731
-3.4 0.000114985
-3.39 0.000122701
-3.38 0.000130908
-3.37 0.000139635
-3.36 0.000148913
-3.35 0.000158774
-3.34 0.000169253
-3.33 0.000180385
-3.32 0.00019221
-3.31 0.000204767
-3.3 0.000218098
-3.29 0.000232249
-3.28 0.000247266
-3.27 0.0002632
-3.26 0.000280101
-3.25 0.000298025
-3.24 0.00031703
-3.23 0.000337176
-3.22 0.000358527
-3.21 0.00038115
-3.2 0.000405116
-3.19 0.000430498
-3.18 0.000457375
-3.17 0.000485828
-3.16 0.000515942
-3.15 0.000547808
-3.14 0.00058152
-3.13 0.000617177
-3.12 0.000654882
-3.11 0.000694745
-3.1 0.00073688
-3.09 0.000781405
-3.08 0.000828447
-3.07 0.000878135
-3.06 0.000930608
-3.05 0.000986008
-3.04 0.00104449
-3.03 0.0011062
-3.02 0.00117131
-3.01 0.00124
-3 0.00131243
-2.99 0.0013888
-2.98 0.00146931
-2.97 0.00155415
-2.96 0.00164355
-2.95 0.00173772
-2.94 0.0018369
-2.93 0.00194132
-2.92 0.00205125
-2.91 0.00216695
-2.9 0.00228869
-2.89 0.00241675
-2.88 0.00255144
-2.87 0.00269306
-2.86 0.00284195
-2.85 0.00299842
-2.84 0.00316284
-2.83 0.00333557
-2.82 0.00351699
-2.81 0.00370748
-2.8 0.00390746
-2.79 0.00411735
-2.78 0.00433759
-2.77 0.00456864
-2.76 0.00481097
-2.75 0.00506507
-2.74 0.00533146
-2.73 0.00561066
-2.72 0.00590323
-2.71 0.00620972
-2.7 0.00653073
-2.69 0.00686687
-2.68 0.00721877
-2.67 0.00758707
-2.66 0.00797246
-2.65 0.00837564
-2.64 0.00879731
-2.63 0.00923824
-2.62 0.00969918
-2.61 0.0101809
-2.6 0.0106843
-2.59 0.0112102
-2.58 0.0117594
-2.57 0.0123329
-2.56 0.0129316
-2.55 0.0135564
-2.54 0.0142084
-2.53 0.0148885
-2.52 0.0155977
-2.51 0.0163373
-2.5 0.0171082
-2.49 0.0179116
-2.48 0.0187487
-2.47 0.0196207
-2.46 0.0205288
-2.45 0.0214743
-2.44 0.0224584
-2.43 0.0234826
-2.42 0.0245481
-2.41 0.0256564
-2.4 0.026809
-2.39 0.0280072
-2.38 0.0292526
-2.37 0.0305467
-2.36 0.0318912
-2.35 0.0332875
-2.34 0.0347374
-2.33 0.0362426
-2.32 0.0378047
-2.31 0.0394256
-2.3 0.0411069
-2.29 0.0428506
-2.28 0.0446584
-2.27 0.0465323
-2.26 0.0484742
-2.25 0.0504861
-2.24 0.0525699
-2.23 0.0547276
-2.22 0.0569614
-2.21 0.0592734
-2.2 0.0616655
-2.19 0.06414
-2.18 0.0666992
-2.17 0.069345
-2.16 0.0720799
-2.15 0.0749061
-2.14 0.0778258
-2.13 0.0808414
-2.12 0.0839552
-2.11 0.0871696
-2.1 0.0904869
-2.09 0.0939095
-2.08 0.0974399
-2.07 0.10108
-2.06 0.104833
-2.05 0.108702
-2.04 0.112687
-2.03 0.116793
-2.02 0.121021
-2.01 0.125374
-2 0.129855
-1.99 0.134465
-1.98 0.139207
-1.97 0.144085
-1.96 0.149099
-1.95 0.154253
-1.94 0.15955
-1.93 0.16499
-1.92 0.170578
-1.91 0.176315
-1.9 0.182203
-1.89 0.188245
-1.88 0.194443
-1.87 0.200799
-1.86 0.207316
-1.85 0.213995
-1.84 0.220839
-1.83 0.227849
-1.82 0.235028
-1.81 0.242377
-1.8 0.249898
-1.79 0.257594
-1.78 0.265464
-1.77 0.273512
-1.76 0.281739
-1.75 0.290146
-1.74 0.298734
-1.73 0.307504
-1.72 0.316458
-1.71 0.325597
-1.7 0.334921
-1.69 0.344432
-1.68 0.354129
-1.67 0.364014
-1.66 0.374086
-1.65 0.384346
-1.64 0.394794
-1.63 0.40543
-1.62 0.416253
-1.61 0.427264
-1.6 0.438461
-1.59 0.449844
-1.58 0.461412
-1.57 0.473164
-1.56 0.485099
-1.55 0.497215
-1.54 0.50951
-1.53 0.521983
-1.52 0.534632
-1.51 0.547453
-1.5 0.560446
-1.49 0.573606
-1.48 0.586932
-1.47 0.60042
-1.46 0.614067
-1.45 0.627869
-1.44 0.641822
-1.43 0.655922
-1.42 0.670165
-1.41 0.684547
-1.4 0.699062
-1.39 0.713706
-1.38 0.728473
-1.37 0.743358
-1.36 0.758355
-1.35 0.773458
-1.34 0.788661
-1.33 0.803957
-1.32 0.81934
-1.31 0.834802
-1.3 0.850336
-1.29 0.865935
-1.28 0.88159
-1.27 0.897295
-1.26 0.913039
-1.25 0.928816
-1.24 0.944616
-1.23 0.96043
-1.22 0.97625
-1.21 0.992064
-1.2 1.00786
-1.19 1.02364
-1.18 1.03938
-1.17 1.05508
-1.16 1.07072
-1.15 1.0863
-1.14 1.10179
-1.13 1.1172
-1.12 1.13251
-1.11 1.14771
-1.1 1.16279
-1.09 1.17773
-1.08 1.19253
-1.07 1.20716
-1.06 1.22162
-1.05 1.2359
-1.04 1.24999
-1.03 1.26386
-1.02 1.27751
-1.01 1.29093
-1 1.3041
-0.99 1.31701
-0.98 1.32964
-0.97 1.34199
-0.96 1.35404
-0.95 1.36577
-0.94 1.37718
-0.93 1.38825
-0.92 1.39896
-0.91 1.40931
-0.9 1.41928
-0.89 1.42886
-0.88 1.43804
-0.87 1.44679
-0.86 1.45512
-0.85 1.46301
-0.84 1.47044
-0.83 1.4774
-0.82 1.48388
-0.81 1.48987
-0.8 1.49536
-0.79 1.50034
-0.78 1.50479
-0.77 1.5087
-0.76 1.51206
-0.75 1.51487
-0.74 1.51711
-0.73 1.51877
-0.72 1.51984
-0.71 1.52032
-0.7 1.52019
-0.69 1.51945
-0.68 1.51808
-0.67 1.51609
-0.66 1.51346
-0.65 1.51018
-0.64 1.50625
-0.63 1.50167
-0.62 1.49642
-0.61 1.49051
-0.6 1.48392
-0.59 1.47666
-0.58 1.46871
-0.57 1.46008
-0.56 1.45077
-0.55 1.44077
-0.54 1.43007
-0.53 1.41869
-0.52 1.40661
-0.51 1.39385
-0.5 1.38039
-0.49 1.36624
-0.48 1.3514
-0.47 1.33588
-0.46 1.31967
-0.45 1.30279
-0.44 1.28522
-0.43 1.26699
-0.42 1.24809
-0.41 1.22852
-0.4 1.20831
-0.39 1.18744
-0.38 1.16594
-0.37 1.1438
-0.36 1.12104
-0.35 1.09767
-0.34 1.07369
-0.33 1.04912
-0.32 1.02396
-0.31 0.998231
-0.3 0.971941
-0.29 0.945102
-0.28 0.917729
-0.27 0.889833
-0.26 0.86143
-0.25 0.832533
-0.24 0.803158
-0.23 0.773319
-0.22 0.743032
-0.21 0.712315
-0.2 0.681182
-0.19 0.649652
-0.18 0.617741
-0.17 0.585467
-0.16 0.55285
-0.15 0.519906
-0.14 0.486655
-0.13 0.453115
-0.12 0.419307
-0.11 0.38525
-0.1 0.350964
-0.09 0.316468
-0.08 0.281783
-0.07 0.246931
-0.06 0.21193
-0.05 0.176803
-0.04 0.14157
-0.03 0.106252
-0.02 0.0708698
-0.01 0.0354455
0 0
0.01 -0.0354455
0.02 -0.0708698
0.03 -0.106252
0.04 -0.14157
0.05 -0.176803
0.06 -0.21193
0.07 -0.246931
0.08 -0.281783
0.09 -0.316468
0.1 -0.350964
0.11 -0.38525
0.12 -0.419307
0.13 -0.453115
0.14 -0.486655
0.15 -0.519906
0.16 -0.55285
0.17 -0.585467
0.18 -0.617741
0.19 -0.649652
0.2 -0.681182
0.21 -0.712315
0.22 -0.743032
0.23 -0.773319
0.24 -0.803158
0.25 -0.832533
0.26 -0.86143
0.27 -0.889833
0.28 -0.917729
0.29 -0.945102
0.3 -0.971941
0.31 -0.998231
0.32 -1.02396
0.33 -1.04912
0.34 -1.07369
0.35 -1.09767
0.36 -1.12104
0.37 -1.1438
0.38 -1.16594
0.39 -1.18744
0.4 -1.20831
0.41 -1.22852
0.42 -1.24809
0.43 -1.26699
0.44 -1.28522
0.45 -1.30279
0.46 -1.31967
0.47 -1.33588
0.48 -1.3514
0.49 -1.36624
0.5 -1.38039
0.51 -1.39385
0.52 -1.40661
0.53 -1.41869
0.54 -1.43007
0.55 -1.44077
0.56 -1.45077
0.57 -1.46008
0.58 -1.46871
0.59 -1.47666
0.6 -1.48392
0.61 -1.49051
0.62 -1.49642
0.63 -1.50167
0.64 -1.50625
0.65 -1.51018
0.66 -1.51346
0.67 -1.51609
0.68 -1.51808
0.69 -1.51945
0.7 -1.52019
0.71 -1.52032
0.72 -1.51984
0.73 -1.51877
0.74 -1.51711
0.75 -1.51487
0.76 -1.51206
0.77 -1.5087
0.78 -1.50479
0.79 -1.50034
0.8 -1.49536
0.81 -1.48987
0.82 -1.48388
0.83 -1.4774
0.84 -1.47044
0.85 -1.46301
0.86 -1.45512
0.87 -1.44679
0.88 -1.43804
0.89 -1.42886
0.9 -1.41928
0.91 -1.40931
0.92 -1.39896
0.93 -1.38825
0.94 -1.37718
0.95 -1.36577
0.96 -1.35404
0.97 -1.34199
0.98 -1.32964
0.99 -1.31701
1 -1.3041
1.01 -1.29093
1.02 -1.27751
1.03 -1.26386
1.04 -1.24999
1.05 -1.2359
1.06 -1.22162
1.07 -1.20716
1.08 -1.19253
1.09 -1.17773
1.1 -1.16279
1.11 -1.14771
1.12 -1.13251
1.13 -1.1172
1.14 -1.10179
1.15 -1.0863
1.16 -1.07072
1.17 -1.05508
1.18 -1.03938
1.19 -1.02364
1.2 -1.00786
1.21 -0.992064
1.22 -0.97625
1.23 -0.96043
1.24 -0.944616
1.25 -0.928816
1.26 -0.913039
1.27 -0.897295
1.28 -0.88159
1.29 -0.865935
1.3 -0.850336
1.31 -0.834802
1.32 -0.81934
1.33 -0.803957
1.34 -0.788661
1.35 -0.773458
1.36 -0.758355
1.37 -0.743358
1.38 -0.728473
1.39 -0.713706
1.4 -0.699062
1.41 -0.684547
1.42 -0.670165
1.43 -0.655922
1.44 -0.641822
1.45 -0.627869
1.46 -0.614067
1.47 -0.60042
1.48 -0.586932
1.49 -0.573606
1.5 -0.560446
1.51 -0.547453
1.52 -0.534632
1.53 -0.521983
1.54 -0.50951
1.55 -0.497215
1.56 -0.485099
1.57 -0.473164
1.58 -0.461412
1.59 -0.449844
1.6 -0.438461
1.61 -0.427264
1.62 -0.416253
1.63 -0.40543
1.64 -0.394794
1.65 -0.384346
1.66 -0.374086
1.67 -0.364014
1.68 -0.354129
1.69 -0.344432
1.7 -0.334921
1.71 -0.325597
1.72 -0.316458
1.73 -0.307504
1.74 -0.298734
1.75 -0.290146
1.76 -0.281739
1.77 -0.273512
1.78 -0.265464
1.79 -0.257594
1.8 -0.249898
1.81 -0.242377
1.82 -0.235028
1.83 -0.227849
1.84 -0.220839
1.85 -0.213995
1.86 -0.207316
1.87 -0.200799
1.88 -0.194443
1.89 -0.188245
1.9 -0.182203
1.91 -0.176315
1.92 -0.170578
1.93 -0.16499
1.94 -0.15955
1.95 -0.154253
1.96 -0.149099
1.97 -0.144085
1.98 -0.139207
1.99 -0.134465
2 -0.129855
2.01 -0.125374
2.02 -0.121021
2.03 -0.116793
2.04 -0.112687
2.05 -0.108702
2.06 -0.104833
2.07 -0.10108
2.08 -0.0974399
2.09 -0.0939095
2.1 -0.0904869
2.11 -0.0871696
2.12 -0.0839552
2.13 -0.0808414
2.14 -0.0778258
2.15 -0.0749061
2.16 -0.0720799
2.17 -0.069345
2.18 -0.0666992
2.19 -0.06414
2.2 -0.0616655
2.21 -0.0592734
2.22 -0.0569614
2.23 -0.0547276
2.24 -0.0525699
2.25 -0.0504861
2.26 -0.0484742
2.27 -0.0465323
2.28 -0.0446584
2.29 -0.0428506
2.3 -0.0411069
2.31 -0.0394256
2.32 -0.0378047
2.33 -0.0362426
2.34 -0.0347374
2.35 -0.0332875
2.36 -0.0318912
2.37 -0.0305467
2.38 -0.0292526
2.39 -0.0280072
2.4 -0.026809
2.41 -0.0256564
2.42 -0.0245481
2.43 -0.0234826
2.44 -0.0224584
2.45 -0.0214743
2.46 -0.0205288
2.47 -0.0196207
2.48 -0.0187487
2.49 -0.0179116
2.5 -0.0171082
2.51 -0.0163373
2.52 -0.0155977
2.53 -0.0148885
2.54 -0.0142084
2.55 -0.0135564
2.56 -0.0129316
2.57 -0.0123329
2.58 -0.0117594
2.59 -0.0112102
2.6 -0.0106843
2.61 -0.0101809
2.62 -0.00969918
2.63 -0.00923824
2.64 -0.00879731
2.65 -0.00837564
2.66 -0.00797246
2.67 -0.00758707
2.68 -0.00721877
2.69 -0.00686687
2.7 -0.00653073
2.71 -0.00620972
2.72 -0.00590323
2.73 -0.00561066
2.74 -0.00533146
2.75 -0.00506507
2.76 -0.00481097
2.77 -0.00456864
2.78 -0.00433759
2.79 -0.00411735
2.8 -0.00390746
2.81 -0.00370748
2.82 -0.00351699
2.83 -0.00333557
2.84 -0.00316284
2.85 -0.00299842
2.86 -0.00284195
2.87 -0.00269306
2.88 -0.00255144
2.89 -0.00241675
2.9 -0.00228869
2.91 -0.00216695
2.92 -0.00205125
2.93 -0.00194132
2.94 -0.0018369
2.95 -0.00173772
2.96 -0.00164355
2.97 -0.00155415
2.98 -0.00146931
2.99 -0.0013888
3 -0.00131243
3.01 -0.00124
3.02 -0.00117131
3.03 -0.0011062
3.04 -0.00104449
3.05 -0.000986008
3.06 -0.000930608
3.07 -0.000878135
3.08 -0.000828447
3.09 -0.000781405
3.1 -0.00073688
3.11 -0.000694745
3.12 -0.000654882
3.13 -0.000617177
3.14 -0.00058152
3.15 -0.000547808
3.16 -0.000515942
3.17 -0.000485828
3.18 -0.000457375
3.19 -0.000430498
3.2 -0.000405116
3.21 -0.00038115
3.22 -0.000358527
3.23 -0.000337176
3.24 -0.00031703
3.25 -0.000298025
3.26 -0.000280101
3.27 -0.0002632
3.28 -0.000247266
3.29 -0.000232249
3.3 -0.000218098
3.31 -0.000204767
3.32 -0.00019221
3.33 -0.000180385
3.34 -0.000169253
3.35 -0.000158774
3.36 -0.000148913
3.37 -0.000139635
3.38 -0.000130908
3.39 -0.000122701
3.4 -0.000114985
3.41 -0.000107731
3.42 -0.000100913
3.43 -9.45079e-05
3.44 -8.84904e-05
3.45 -8.28388e-05
3.46 -7.7532e-05
3.47 -7.25501e-05
3.48 -6.78741e-05
3.49 -6.34863e-05
3.5 -5.93698e-05
3.51 -5.55086e-05
3.52 -5.18878e-05
3.53 -4.84931e-05
3.54 -4.5311e-05
3.55 -4.23289e-05
3.56 -3.95349e-05
3.57 -3.69176e-05
3.58 -3.44664e-05
3.59 -3.21713e-05
3.6 -3.00228e-05
3.61 -2.80119e-05
3.62 -2.61303e-05
3.63 -2.43701e-05
3.64 -2.27237e-05
3.65 -2.11841e-05
3.66 -1.97447e-05
3.67 -1.83993e-05
3.68 -1.71421e-05
3.69 -1.59674e-05
3.7 -1.48701e-05
3.71 -1.38454e-05
3.72 -1.28886e-05
3.73 -1.19955e-05
3.74 -1.11619e-05
3.75 -1.03841e-05
3.76 -9.65853e-06
3.77 -8.98178e-06
3.78 -8.35071e-06
3.79 -7.76238e-06
3.8 -7.214e-06
3.81 -6.70298e-06
3.82 -6.22687e-06
3.83 -5.78338e-06
3.84 -5.37036e-06
3.85 -4.98581e-06
3.86 -4.62784e-06
3.87 -4.29468e-06
3.88 -3.98468e-06
3.89 -3.6963e-06
3.9 -3.42808e-06
3.91 -3.17866e-06
3.92 -2.94678e-06
3.93 -2.73126e-06
3.94 -2.53097e-06
3.95 -2.34489e-06
3.96 -2.17204e-06
3.97 -2.01152e-06
3.98 -1.86247e-06
3.99 -1.72412e-06
4 -1.59571e-06
4.01 -1.47656e-06
4.02 -1.36602e-06
4.03 -1.2635e-06
4.04 -1.16844e-06
4.05 -1.0803e-06
4.06 -9.98607e-07
4.07 -9.229e-07
4.08 -8.52757e-07
4.09 -7.87783e-07
4.1 -7.2761e-07
4.11 -6.71894e-07
4.12 -6.20317e-07
4.13 -5.72582e-07
4.14 -5.28411e-07
4.15 -4.87547e-07
4.16 -4.49751e-07
4.17 -4.14799e-07
4.18 -3.82485e-07
4.19 -3.52616e-07
4.2 -3.25012e-07
4.21 -2.99508e-07
4.22 -2.75948e-07
4.23 -2.54189e-07
4.24 -2.34098e-07
4.25 -2.15551e-07
4.26 -1.98432e-07
4.27 -1.82635e-07
4.28 -1.68062e-07
4.29 -1.54619e-07
4.3 -1.42223e-07
4.31 -1.30793e-07
4.32 -1.20257e-07
4.33 -1.10548e-07
4.34 -1.01601e-07
4.35 -9.33591e-08
4.36 -8.57683e-08
4.37 -7.87786e-08
4.38 -7.23436e-08
4.39 -6.64206e-08
4.4 -6.097e-08
4.41 -5.59553e-08
4.42 -5.13424e-08
4.43 -4.71002e-08
4.44 -4.31996e-08
4.45 -3.9614e-08
4.46 -3.63185e-08
4.47 -3.32903e-08
4.48 -3.05084e-08
4.49 -2.79532e-08
4.5 -2.56067e-08
4.51 -2.34525e-08
4.52 -2.1475e-08
4.53 -1.96603e-08
4.54 -1.79952e-08
4.55 -1.64678e-08
4.56 -1.50669e-08
4.57 -1.37824e-08
4.58 -1.26048e-08
4.59 -1.15255e-08
4.6 -1.05364e-08
4.61 -9.63022e-09
4.62 -8.80018e-09
4.63 -8.04005e-09
4.64 -7.34406e-09
4.65 -6.70696e-09
4.66 -6.12386e-09
4.67 -5.59032e-09
4.68 -5.10222e-09
4.69 -4.65578e-09
4.7 -4.24754e-09
4.71 -3.8743e-09
4.72 -3.53314e-09
4.73 -3.22136e-09
4.74 -2.93649e-09
4.75 -2.67627e-09
4.76 -2.4386e-09
4.77 -2.22159e-09
4.78 -2.02348e-09
4.79 -1.84266e-09
4.8 -1.67765e-09
4.81 -1.52711e-09
4.82 -1.38979e-09
4.83 -1.26456e-09
4.84 -1.15038e-09
4.85 -1.0463e-09
4.86 -9.51435e-10
4.87 -8.64998e-10
4.88 -7.86253e-10
4.89 -7.1453e-10
4.9 -6.49218e-10
4.91 -5.89755e-10
4.92 -5.35629e-10
4.93 -4.86371e-10
4.94 -4.41553e-10
4.95 -4.00783e-10
4.96 -3.63704e-10
4.97 -3.29987e-10
4.98 -2.99335e-10
4.99 -2.71475e-10
5 -2.46157e-10
5.01 -2.23156e-10
5.02 -2.02262e-10
5.03 -1.83287e-10
5.04 -1.66058e-10
5.05 -1.50419e-10
5.06 -1.36224e-10
5.07 -1.23344e-10
5.08 -1.11658e-10
5.09 -1.0106e-10
5.1 -9.14483e-11
5.11 -8.27342e-11
5.12 -7.48351e-11
5.13 -6.76765e-11
5.14 -6.11902e-11
5.15 -5.53142e-11
5.16 -4.99923e-11
5.17 -4.51733e-11
5.18 -4.08105e-11
5.19 -3.68615e-11
5.2 -3.32878e-11
5.21 -3.00545e-11
5.22 -2.71297e-11
5.23 -2.44846e-11
5.24 -2.20929e-11
5.25 -1.99307e-11
5.26 -1.79765e-11
5.27 -1.62106e-11
5.28 -1.46152e-11
5.29 -1.31741e-11
5.3 -1.18727e-11
5.31 -1.06977e-11
5.32 -9.63697e-12
5.33 -8.67968e-12
5.34 -7.81589e-12
5.35 -7.03663e-12
5.36 -6.33378e-12
5.37 -5.69997e-12
5.38 -5.12854e-12
5.39 -4.61346e-12
5.4 -4.14927e-12
5.41 -3.73102e-12
5.42 -3.35425e-12
5.43 -3.01492e-12
5.44 -2.70936e-12
5.45 -2.43427e-12
5.46 -2.18667e-12
5.47 -1.96386e-12
5.48 -1.76339e-12
5.49 -1.58306e-12
5.5 -1.42089e-12
5.51 -1.27507e-12
5.52 -1.14398e-12
5.53 -1.02616e-12
5.54 -9.20285e-13
5.55 -8.25168e-13
5.56 -7.39731e-13
5.57 -6.63006e-13
5.58 -5.94118e-13
5.59 -5.32279e-13
5.6 -4.7678e-13
5.61 -4.26981e-13
5.62 -3.82306e-13
5.63 -3.42235e-13
5.64 -3.06302e-13
5.65 -2.74087e-13
5.66 -2.45209e-13
5.67 -2.1933e-13
5.68 -1.96142e-13
5.69 -1.7537e-13
5.7 -1.56766e-13
5.71 -1.40107e-13
5.72 -1.25193e-13
5.73 -1.11844e-13
5.74 -9.98978e-14
5.75 -8.92096e-14
5.76 -7.96487e-14
5.77 -7.10981e-14
5.78 -6.34525e-14
5.79 -5.66177e-14
5.8 -5.05087e-14
5.81 -4.50498e-14
5.82 -4.01727e-14
5.83 -3.58164e-14
5.84 -3.1926e-14
5.85 -2.84523e-14
5.86 -2.53515e-14
5.87 -2.2584e-14
5.88 -2.01146e-14
5.89 -1.79115e-14
5.9 -1.59465e-14
5.91 -1.41942e-14
5.92 -1.26319e-14
5.93 -1.12393e-14
5.94 -9.99813e-15
5.95 -8.89225e-15
5.96 -7.90708e-15
5.97 -7.02964e-15
5.98 -6.2483e-15
5.99 -5.55268e-15
6 -4.9335e-15
6.01 -4.38247e-15
6.02 -3.8922e-15
6.03 -3.45608e-15
6.04 -3.0682e-15
6.05 -2.72331e-15
6.06 -2.41669e-15
6.07 -2.14416e-15
6.08 -1.90198e-15
6.09 -1.68681e-15
6.1 -1.49567e-15
6.11 -1.32593e-15
6.12 -1.17521e-15
6.13 -1.04142e-15
6.14 -9.22667e-16
6.15 -8.17292e-16
6.16 -7.23804e-16
6.17 -6.4088e-16
6.18 -5.67342e-16
6.19 -5.0214e-16
6.2 -4.44341e-16
6.21 -3.93116e-16
6.22 -3.47726e-16
6.23 -3.07514e-16
6.24 -2.71897e-16
6.25 -2.40357e-16
6.26 -2.12432e-16
6.27 -1.87714e-16
6.28 -1.65838e-16
6.29 -1.46482e-16
6.3 -1.29359e-16
6.31 -1.14215e-16
6.32 -1.00823e-16
6.33 -8.89829e-17
6.34 -7.85176e-17
6.35 -6.92691e-17
6.36 -6.10976e-17
6.37 -5.38791e-17
6.38 -4.75039e-17
6.39 -4.18745e-17
6.4 -3.69048e-17
6.41 -3.25183e-17
6.42 -2.86474e-17
6.43 -2.52321e-17
6.44 -2.22195e-17
6.45 -1.95627e-17
6.46 -1.722e-17
6.47 -1.51548e-17
6.48 -1.33346e-17
6.49 -1.17307e-17
6.5 -1.03175e-17
6.51 -9.07282e-18
6.52 -7.97665e-18
6.53 -7.01149e-18
6.54 -6.16187e-18
6.55 -5.41411e-18
6.56 -4.75613e-18
6.57 -4.17727e-18
6.58 -3.66812e-18
6.59 -3.22037e-18
6.6 -2.82671e-18
6.61 -2.48067e-18
6.62 -2.17655e-18
6.63 -1.90932e-18
6.64 -1.67457e-18
6.65 -1.46838e-18
6.66 -1.28732e-18
6.67 -1.12836e-18
6.68 -9.88825e-19
6.69 -8.66371e-19
6.7 -7.58928e-19
6.71 -6.64675e-19
6.72 -5.8201e-19
6.73 -5.09523e-19
6.74 -4.45973e-19
6.75 -3.90271e-19
6.76 -3.41457e-19
6.77 -2.98688e-19
6.78 -2.61223e-19
6.79 -2.28412e-19
6.8 -1.99681e-19
6.81 -1.74529e-19
6.82 -1.52514e-19
6.83 -1.3325e-19
6.84 -1.16395e-19
6.85 -1.01651e-19
6.86 -8.87574e-20
6.87 -7.74834e-20
6.88 -6.76277e-20
6.89 -5.90137e-20
6.9 -5.14865e-20
6.91 -4.49104e-20
6.92 -3.91662e-20
6.93 -3.41499e-20
6.94 -2.977e-20
6.95 -2.59466e-20
6.96 -2.26097e-20
6.97 -1.96979e-20
6.98 -1.71577e-20
6.99 -1.49421e-20
7 -1.30099e-20
7.01 -1.13253e-20
7.02 -9.85681e-21
7.03 -8.57701e-21
7.04 -7.46188e-21
7.05 -6.49042e-21
7.06 -5.64429e-21
7.07 -4.90747e-21
7.08 -4.26598e-21
7.09 -3.7076e-21
7.1 -3.22165e-21
7.11 -2.79883e-21
7.12 -2.43101e-21
7.13 -2.1111e-21
7.14 -1.83292e-21
7.15 -1.59108e-21
7.16 -1.38086e-21
7.17 -1.19818e-21
7.18 -1.03946e-21
7.19 -9.01577e-22
7.2 -7.81828e-22
7.21 -6.77848e-22
7.22 -5.87578e-22
7.23 -5.09227e-22
7.24 -4.41234e-22
7.25 -3.82243e-22
7.26 -3.31071e-22
7.27 -2.86693e-22
7.28 -2.48213e-22
7.29 -2.14854e-22
7.3 -1.85941e-22
7.31 -1.60886e-22
7.32 -1.3918e-22
7.33 -1.20377e-22
7.34 -1.04094e-22
7.35 -8.99951e-23
7.36 -7.77901e-23
7.37 -6.72268e-23
7.38 -5.80862e-23
7.39 -5.01783e-23
7.4 -4.33382e-23
7.41 -3.7423e-23
7.42 -3.23086e-23
7.43 -2.78875e-23
7.44 -2.40666e-23
7.45 -2.0765e-23
7.46 -1.79127e-23
7.47 -1.54491e-23
7.48 -1.33216e-23
7.49 -1.14848e-23
7.5 -9.89923e-24
7.51 -8.53086e-24
7.52 -7.35015e-24
7.53 -6.33158e-24
7.54 -5.45306e-24
7.55 -4.69549e-24
7.56 -4.04235e-24
7.57 -3.47936e-24
7.58 -2.99417e-24
7.59 -2.57612e-24
7.6 -2.216e-24
7.61 -1.90583e-24
7.62 -1.63875e-24
7.63 -1.40881e-24
7.64 -1.21089e-24
7.65 -1.04056e-24
7.66 -8.94014e-25
7.67 -7.67951e-25
7.68 -6.59531e-25
7.69 -5.66304e-25
7.7 -4.86156e-25
7.71 -4.17268e-25
7.72 -3.58068e-25
7.73 -3.07206e-25
7.74 -2.63515e-25
7.75 -2.25993e-25
7.76 -1.93774e-25
7.77 -1.66115e-25
7.78 -1.42375e-25
7.79 -1.22004e-25
7.8 -1.04526e-25
7.81 -8.95337e-26
7.82 -7.66764e-26
7.83 -6.56523e-26
7.84 -5.62018e-26
7.85 -4.8102e-26
7.86 -4.11612e-26
7.87 -3.52148e-26
7.88 -3.01214e-26
7.89 -2.57596e-26
7.9 -2.20249e-26
7.91 -1.88279e-26
7.92 -1.60917e-26
7.93 -1.37503e-26
7.94 -1.17473e-26
7.95 -1.0034e-26
7.96 -8.56889e-27
7.97 -7.31622e-27
7.98 -6.24542e-27
7.99 -5.33026e-27
8 -4.54829e-27
8.01 -3.88025e-27
8.02 -3.30967e-27
8.03 -2.82242e-27
8.04 -2.40642e-27
8.05 -2.05132e-27
8.06 -1.74826e-27
8.07 -1.48968e-27
8.08 -1.26909e-27
8.09 -1.08095e-27
8.1 -9.20511e-28
8.11 -7.83729e-28
8.12 -6.67137e-28
8.13 -5.67775e-28
8.14 -4.83115e-28
8.15 -4.10996e-28
8.16 -3.49572e-28
8.17 -2.97268e-28
8.18 -2.52739e-28
8.19 -2.14837e-28
8.2 -1.82582e-28
8.21 -1.55138e-28
8.22 -1.31793e-28
8.23 -1.11939e-28
8.24 -9.50559e-29
8.25 -8.07032e-29
8.26 -6.85038e-29
8.27 -5.81368e-29
8.28 -4.93288e-29
8.29 -4.18468e-29
8.3 -3.54925e-29
8.31 -3.0097e-29
8.32 -2.55165e-29
8.33 -2.16289e-29
8.34 -1.83298e-29
8.35 -1.55308e-29
8.36 -1.31566e-29
8.37 -1.11431e-29
8.38 -9.43582e-30
8.39 -7.98852e-30
8.4 -6.76185e-30
8.41 -5.72239e-30
8.42 -4.84174e-30
8.43 -4.0958e-30
8.44 -3.46408e-30
8.45 -2.92921e-30
8.46 -2.47642e-30
8.47 -2.0932e-30
8.48 -1.76893e-30
8.49 -1.49459e-30
8.5 -1.26255e-30
8.51 -1.06631e-30
8.52 -9.00398e-31
8.53 -7.60145e-31
8.54 -6.4161e-31
8.55 -5.4145e-31
8.56 -4.56834e-31
8.57 -3.85364e-31
8.58 -3.25009e-31
8.59 -2.74052e-31
8.6 -2.31038e-31
8.61 -1.94736e-31
8.62 -1.64105e-31
8.63 -1.38264e-31
8.64 -1.16469e-31
8.65 -9.80894e-32
8.66 -8.25938e-32
8.67 -6.95321e-32
8.68 -5.85243e-32
8.69 -4.92492e-32
8.7 -4.14357e-32
8.71 -3.48548e-32
8.72 -2.93132e-32
8.73 -2.46477e-32
8.74 -2.07206e-32
8.75 -1.74157e-32
8.76 -1.4635e-32
8.77 -1.22958e-32
8.78 -1.03284e-32
8.79 -8.67404e-33
8.8 -7.28321e-33
8.81 -6.11416e-33
8.82 -5.13173e-33
8.83 -4.30628e-33
8.84 -3.61289e-33
8.85 -3.03053e-33
8.86 -2.54153e-33
8.87 -2.13101e-33
8.88 -1.78643e-33
8.89 -1.49728e-33
8.9 -1.25467e-33
8.91 -1.05116e-33
8.92 -8.80484e-34
8.93 -7.37372e-34
8.94 -6.17396e-34
8.95 -5.16838e-34
8.96 -4.32571e-34
8.97 -3.6197e-34
8.98 -3.02831e-34
8.99 -2.53303e-34
9 -2.11833e-34
9.01 -1.77117e-34
9.02 -1.4806e-34
9.03 -1.23746e-34
9.04 -1.03403e-34
9.05 -8.63873e-35
9.06 -7.2157e-35
9.07 -6.02587e-35
9.08 -5.03123e-35
9.09 -4.19992e-35
9.1 -3.50526e-35
9.11 -2.92491e-35
9.12 -2.44015e-35
9.13 -2.03533e-35
9.14 -1.69732e-35
9.15 -1.41516e-35
9.16 -1.17967e-35
9.17 -9.83171e-36
9.18 -8.19237e-36
9.19 -6.82499e-36
9.2 -5.6847e-36
9.21 -4.73398e-36
9.22 -3.94146e-36
9.23 -3.28095e-36
9.24 -2.73059e-36
9.25 -2.27209e-36
9.26 -1.89019e-36
9.27 -1.57217e-36
9.28 -1.3074e-36
9.29 -1.08699e-36
9.3 -9.03562e-37
9.31 -7.50936e-37
9.32 -6.23964e-37
9.33 -5.18358e-37
9.34 -4.30539e-37
9.35 -3.57526e-37
9.36 -2.96835e-37
9.37 -2.46397e-37
9.38 -2.04488e-37
9.39 -1.69674e-37
9.4 -1.40758e-37
9.41 -1.16746e-37
9.42 -9.68115e-38
9.43 -8.02645e-38
9.44 -6.65322e-38
9.45 -5.51384e-38
9.46 -4.56865e-38
9.47 -3.78473e-38
9.48 -3.13469e-38
9.49 -2.59577e-38
9.5 -2.14907e-38
9.51 -1.77889e-38
9.52 -1.47217e-38
9.53 -1.2181e-38
9.54 -1.00767e-38
9.55 -8.33424e-39
9.56 -6.8917e-39
9.57 -5.69771e-39
9.58 -4.70963e-39
9.59 -3.89211e-39
9.6 -3.21586e-39
9.61 -2.65657e-39
9.62 -2.19411e-39
9.63 -1.81179e-39
9.64 -1.49579e-39
9.65 -1.23465e-39
9.66 -1.0189e-39
9.67 -8.40683e-40
9.68 -6.93498e-40
9.69 -5.71967e-40
9.7 -4.71638e-40
9.71 -3.8883e-40
9.72 -3.20497e-40
9.73 -2.64119e-40
9.74 -2.17615e-40
9.75 -1.79263e-40
9.76 -1.4764e-40
9.77 -1.21571e-40
9.78 -1.00086e-40
9.79 -8.23804e-41
9.8 -6.77936e-41
9.81 -5.57785e-41
9.82 -4.58836e-41
9.83 -3.77364e-41
9.84 -3.10296e-41
9.85 -2.55097e-41
9.86 -2.09675e-41
9.87 -1.72306e-41
9.88 -1.41568e-41
9.89 -1.16291e-41
9.9 -9.55076e-42
9.91 -7.84229e-42
9.92 -6.43814e-42
9.93 -5.28433e-42
9.94 -4.33644e-42
9.95 -3.55786e-42
9.96 -2.91848e-42
9.97 -2.39352e-42
9.98 -1.9626e-42
9.99 -1.60893e-42
10 -1.31873e-42
