-10 0.0101539
-9.99 0.0101745
-9.98 0.0101953
-9.97 0.010216
-9.96 0.0102369
-9.95 0.0102578
-9.94 0.0102788
-9.93 0.0102998
-9.92 0.0103209
-9.91 0.0103421
-9.9 0.0103633
-9.89 0.0103846
-9.88 0.010406
-9.87 0.0104274
-9.86 0.0104489
-9.85 0.0104705
-9.84 0.0104921
-9.83 0.0105138
-9.82 0.0105356
-9.81 0.0105574
-9.8 0.0105793
-9.79 0.0106013
-9.78 0.0106234
-9.77 0.0106455
-9.76 0.0106677
-9.75 0.0106899
-9.74 0.0107122
-9.73 0.0107346
-9.72 0.0107571
-9.71 0.0107796
-9.7 0.0108022
-9.69 0.0108249
-9.68 0.0108477
-9.67 0.0108705
-9.66 0.0108934
-9.65 0.0109163
-9.64 0.0109394
-9.63 0.0109625
-9.62 0.0109857
-9.61 0.0110089
-9.6 0.0110323
-9.59 0.0110557
-9.58 0.0110792
-9.57 0.0111027
-9.56 0.0111264
-9.55 0.0111501
-9.54 0.0111739
-9.53 0.0111977
-9.52 0.0112217
-9.51 0.0112457
-9.5 0.0112698
-9.49 0.011294
-9.48 0.0113182
-9.47 0.0113426
-9.46 0.011367
-9.45 0.0113915
-9.44 0.011416
-9.43 0.0114407
-9.42 0.0114654
-9.41 0.0114902
-9.4 0.0115151
-9.39 0.0115401
-9.38 0.0115652
-9.37 0.0115903
-9.36 0.0116155
-9.35 0.0116408
-9.34 0.0116662
-9.33 0.0116917
-9.32 0.0117172
-9.31 0.0117429
-9.3 0.0117686
-9.29 0.0117944
-9.28 0.0118203
-9.27 0.0118463
-9.26 0.0118723
-9.25 0.0118985
-9.24 0.0119247
-9.23 0.0119511
-9.22 0.0119775
-9.21 0.012004
-9.2 0.0120306
-9.19 0.0120573
-9.18 0.012084
-9.17 0.0121109
-9.16 0.0121378
-9.15 0.0121649
-9.14 0.012192
-9.13 0.0122192
-9.12 0.0122466
-9.11 0.012274
-9.1 0.0123015
-9.09 0.0123291
-9.08 0.0123568
-9.07 0.0123845
-9.06 0.0124124
-9.05 0.0124404
-9.04 0.0124685
-9.03 0.0124966
-9.02 0.0125249
-9.01 0.0125532
-9 0.0125817
-8.99 0.0126102
-8.98 0.0126389
-8.97 0.0126676
-8.96 0.0126965
-8.95 0.0127254
-8.94 0.0127545
-8.93 0.0127836
-8.92 0.0128128
-8.91 0.0128422
-8.9 0.0128716
-8.89 0.0129012
-8.88 0.0129308
-8.87 0.0129606
-8.86 0.0129905
-8.85 0.0130204
-8.84 0.0130505
-8.83 0.0130807
-8.82 0.0131109
-8.81 0.0131413
-8.8 0.0131718
-8.79 0.0132024
-8.78 0.0132331
-8.77 0.0132639
-8.76 0.0132948
-8.75 0.0133259
-8.74 0.013357
-8.73 0.0133883
-8.72 0.0134196
-8.71 0.0134511
-8.7 0.0134827
-8.69 0.0135144
-8.68 0.0135462
-8.67 0.0135781
-8.66 0.0136101
-8.65 0.0136423
-8.64 0.0136746
-8.63 0.0137069
-8.62 0.0137394
-8.61 0.013772
-8.6 0.0138048
-8.59 0.0138376
-8.58 0.0138706
-8.57 0.0139037
-8.56 0.0139369
-8.55 0.0139702
-8.54 0.0140036
-8.53 0.0140372
-8.52 0.0140709
-8.51 0.0141047
-8.5 0.0141386
-8.49 0.0141727
-8.48 0.0142069
-8.47 0.0142412
-8.46 0.0142756
-8.45 0.0143102
-8.44 0.0143448
-8.43 0.0143797
-8.42 0.0144146
-8.41 0.0144497
-8.4 0.0144849
-8.39 0.0145202
-8.38 0.0145556
-8.37 0.0145912
-8.36 0.0146269
-8.35 0.0146628
-8.34 0.0146988
-8.33 0.0147349
-8.32 0.0147711
-8.31 0.0148075
-8.3 0.0148441
-8.29 0.0148807
-8.28 0.0149175
-8.27 0.0149544
-8.26 0.0149915
-8.25 0.0150287
-8.24 0.0150661
-8.23 0.0151036
-8.22 0.0151412
-8.21 0.015179
-8.2 0.0152169
-8.19 0.015255
-8.18 0.0152932
-8.17 0.0153315
-8.16 0.01537
-8.15 0.0154086
-8.14 0.0154474
-8.13 0.0154864
-8.12 0.0155255
-8.11 0.0155647
-8.1 0.0156041
-8.09 0.0156436
-8.08 0.0156833
-8.07 0.0157231
-8.06 0.0157631
-8.05 0.0158033
-8.04 0.0158436
-8.03 0.015884
-8.02 0.0159247
-8.01 0.0159654
-8 0.0160064
-7.99 0.0160474
-7.98 0.0160887
-7.97 0.0161301
-7.96 0.0161717
-7.95 0.0162134
-7.94 0.0162553
-7.93 0.0162974
-7.92 0.0163396
-7.91 0.016382
-7.9 0.0164245
-7.89 0.0164673
-7.88 0.0165102
-7.87 0.0165532
-7.86 0.0165965
-7.85 0.0166399
-7.84 0.0166834
-7.83 0.0167272
-7.82 0.0167711
-7.81 0.0168152
-7.8 0.0168595
-7.79 0.0169039
-7.78 0.0169486
-7.77 0.0169934
-7.76 0.0170384
-7.75 0.0170835
-7.74 0.0171289
-7.73 0.0171744
-7.72 0.0172201
-7.71 0.017266
-7.7 0.0173121
-7.69 0.0173584
-7.68 0.0174048
-7.67 0.0174515
-7.66 0.0174983
-7.65 0.0175453
-7.64 0.0175926
-7.63 0.01764
-7.62 0.0176876
-7.61 0.0177354
-7.6 0.0177834
-7.59 0.0178316
-7.58 0.01788
-7.57 0.0179285
-7.56 0.0179773
-7.55 0.0180263
-7.54 0.0180755
-7.53 0.0181249
-7.52 0.0181745
-7.51 0.0182243
-7.5 0.0182743
-7.49 0.0183246
-7.48 0.018375
-7.47 0.0184257
-7.46 0.0184765
-7.45 0.0185276
-7.44 0.0185789
-7.43 0.0186304
-7.42 0.0186821
-7.41 0.018734
-7.4 0.0187862
-7.39 0.0188385
-7.38 0.0188911
-7.37 0.0189439
-7.36 0.018997
-7.35 0.0190503
-7.34 0.0191037
-7.33 0.0191575
-7.32 0.0192114
-7.31 0.0192656
-7.3 0.01932
-7.29 0.0193747
-7.28 0.0194295
-7.27 0.0194847
-7.26 0.01954
-7.25 0.0195956
-7.24 0.0196514
-7.23 0.0197075
-7.22 0.0197638
-7.21 0.0198204
-7.2 0.0198772
-7.19 0.0199343
-7.18 0.0199916
-7.17 0.0200491
-7.16 0.0201069
-7.15 0.020165
-7.14 0.0202233
-7.13 0.0202819
-7.12 0.0203407
-7.11 0.0203998
-7.1 0.0204591
-7.09 0.0205187
-7.08 0.0205786
-7.07 0.0206387
-7.06 0.0206992
-7.05 0.0207598
-7.04 0.0208208
-7.03 0.020882
-7.02 0.0209435
-7.01 0.0210052
-7 0.0210673
-6.99 0.0211296
-6.98 0.0211922
-6.97 0.0212551
-6.96 0.0213183
-6.95 0.0213817
-6.94 0.0214455
-6.93 0.0215095
-6.92 0.0215738
-6.91 0.0216384
-6.9 0.0217033
-6.89 0.0217685
-6.88 0.021834
-6.87 0.0218998
-6.86 0.0219659
-6.85 0.0220323
-6.84 0.022099
-6.83 0.022166
-6.82 0.0222334
-6.81 0.022301
-6.8 0.022369
-6.79 0.0224372
-6.78 0.0225058
-6.77 0.0225747
-6.76 0.0226439
-6.75 0.0227135
-6.74 0.0227833
-6.73 0.0228535
-6.72 0.0229241
-6.71 0.0229949
-6.7 0.0230661
-6.69 0.0231376
-6.68 0.0232095
-6.67 0.0232817
-6.66 0.0233542
-6.65 0.0234271
-6.64 0.0235004
-6.63 0.023574
-6.62 0.0236479
-6.61 0.0237222
-6.6 0.0237968
-6.59 0.0238718
-6.58 0.0239472
-6.57 0.0240229
-6.56 0.024099
-6.55 0.0241754
-6.54 0.0242523
-6.53 0.0243295
-6.52 0.024407
-6.51 0.024485
-6.5 0.0245633
-6.49 0.024642
-6.48 0.0247211
-6.47 0.0248006
-6.46 0.0248804
-6.45 0.0249607
-6.44 0.0250413
-6.43 0.0251224
-6.42 0.0252038
-6.41 0.0252857
-6.4 0.025368
-6.39 0.0254506
-6.38 0.0255337
-6.37 0.0256172
-6.36 0.0257011
-6.35 0.0257854
-6.34 0.0258702
-6.33 0.0259553
-6.32 0.0260409
-6.31 0.026127
-6.3 0.0262134
-6.29 0.0263003
-6.28 0.0263877
-6.27 0.0264755
-6.26 0.0265637
-6.25 0.0266524
-6.24 0.0267415
-6.23 0.0268311
-6.22 0.0269211
-6.21 0.0270116
-6.2 0.0271026
-6.19 0.027194
-6.18 0.0272859
-6.17 0.0273783
-6.16 0.0274711
-6.15 0.0275645
-6.14 0.0276583
-6.13 0.0277526
-6.12 0.0278474
-6.11 0.0279427
-6.1 0.0280385
-6.09 0.0281348
-6.08 0.0282316
-6.07 0.0283289
-6.06 0.0284267
-6.05 0.028525
-6.04 0.0286239
-6.03 0.0287232
-6.02 0.0288231
-6.01 0.0289236
-6 0.0290245
-5.99 0.029126
-5.98 0.0292281
-5.97 0.0293307
-5.96 0.0294338
-5.95 0.0295375
-5.94 0.0296418
-5.93 0.0297466
-5.92 0.029852
-5.91 0.029958
-5.9 0.0300645
-5.89 0.0301716
-5.88 0.0302793
-5.87 0.0303876
-5.86 0.0304965
-5.85 0.0306059
-5.84 0.030716
-5.83 0.0308267
-5.82 0.030938
-5.81 0.0310499
-5.8 0.0311624
-5.79 0.0312756
-5.78 0.0313893
-5.77 0.0315038
-5.76 0.0316188
-5.75 0.0317345
-5.74 0.0318508
-5.73 0.0319678
-5.72 0.0320855
-5.71 0.0322038
-5.7 0.0323228
-5.69 0.0324425
-5.68 0.0325628
-5.67 0.0326838
-5.66 0.0328055
-5.65 0.0329279
-5.64 0.033051
-5.63 0.0331748
-5.62 0.0332993
-5.61 0.0334246
-5.6 0.0335505
-5.59 0.0336772
-5.58 0.0338046
-5.57 0.0339328
-5.56 0.0340617
-5.55 0.0341914
-5.54 0.0343218
-5.53 0.0344529
-5.52 0.0345849
-5.51 0.0347176
-5.5 0.0348511
-5.49 0.0349854
-5.48 0.0351205
-5.47 0.0352564
-5.46 0.0353931
-5.45 0.0355306
-5.44 0.0356689
-5.43 0.035808
-5.42 0.035948
-5.41 0.0360888
-5.4 0.0362305
-5.39 0.036373
-5.38 0.0365164
-5.37 0.0366607
-5.36 0.0368058
-5.35 0.0369518
-5.34 0.0370987
-5.33 0.0372465
-5.32 0.0373952
-5.31 0.0375449
-5.3 0.0376954
-5.29 0.0378469
-5.28 0.0379993
-5.27 0.0381526
-5.26 0.0383069
-5.25 0.0384622
-5.24 0.0386184
-5.23 0.0387756
-5.22 0.0389338
-5.21 0.039093
-5.2 0.0392532
-5.19 0.0394144
-5.18 0.0395766
-5.17 0.0397399
-5.16 0.0399042
-5.15 0.0400695
-5.14 0.0402359
-5.13 0.0404033
-5.12 0.0405718
-5.11 0.0407415
-5.1 0.0409122
-5.09 0.041084
-5.08 0.0412569
-5.07 0.0414309
-5.06 0.0416061
-5.05 0.0417824
-5.04 0.0419599
-5.03 0.0421385
-5.02 0.0423183
-5.01 0.0424993
-5 0.0426815
-4.99 0.0428649
-4.98 0.0430495
-4.97 0.0432353
-4.96 0.0434224
-4.95 0.0436107
-4.94 0.0438003
-4.93 0.0439912
-4.92 0.0441833
-4.91 0.0443768
-4.9 0.0445715
-4.89 0.0447676
-4.88 0.044965
-4.87 0.0451638
-4.86 0.0453639
-4.85 0.0455654
-4.84 0.0457683
-4.83 0.0459725
-4.82 0.0461782
-4.81 0.0463853
-4.8 0.0465939
-4.79 0.0468039
-4.78 0.0470154
-4.77 0.0472283
-4.76 0.0474428
-4.75 0.0476587
-4.74 0.0478762
-4.73 0.0480952
-4.72 0.0483158
-4.71 0.0485379
-4.7 0.0487617
-4.69 0.048987
-4.68 0.049214
-4.67 0.0494425
-4.66 0.0496728
-4.65 0.0499047
-4.64 0.0501382
-4.63 0.0503735
-4.62 0.0506105
-4.61 0.0508493
-4.6 0.0510897
-4.59 0.051332
-4.58 0.051576
-4.57 0.0518219
-4.56 0.0520696
-4.55 0.0523191
-4.54 0.0525704
-4.53 0.0528237
-4.52 0.0530789
-4.51 0.053336
-4.5 0.053595
-4.49 0.053856
-4.48 0.0541189
-4.47 0.0543839
-4.46 0.0546509
-4.45 0.05492
-4.44 0.0551911
-4.43 0.0554643
-4.42 0.0557396
-4.41 0.0560171
-4.4 0.0562967
-4.39 0.0565785
-4.38 0.0568625
-4.37 0.0571488
-4.36 0.0574373
-4.35 0.057728
-4.34 0.0580211
-4.33 0.0583166
-4.32 0.0586143
-4.31 0.0589145
-4.3 0.0592171
-4.29 0.0595221
-4.28 0.0598296
-4.27 0.0601396
-4.26 0.0604521
-4.25 0.0607671
-4.24 0.0610847
-4.23 0.061405
-4.22 0.0617279
-4.21 0.0620534
-4.2 0.0623817
-4.19 0.0627127
-4.18 0.0630465
-4.17 0.0633831
-4.16 0.0637225
-4.15 0.0640648
-4.14 0.0644099
-4.13 0.0647581
-4.12 0.0651092
-4.11 0.0654633
-4.1 0.0658204
-4.09 0.0661807
-4.08 0.066544
-4.07 0.0669105
-4.06 0.0672802
-4.05 0.0676532
-4.04 0.0680295
-4.03 0.068409
-4.02 0.0687919
-4.01 0.0691783
-4 0.0695681
-3.99 0.0699613
-3.98 0.0703582
-3.97 0.0707586
-3.96 0.0711626
-3.95 0.0715703
-3.94 0.0719818
-3.93 0.072397
-3.92 0.072816
-3.91 0.073239
-3.9 0.0736658
-3.89 0.0740967
-3.88 0.0745315
-3.87 0.0749705
-3.86 0.0754136
-3.85 0.075861
-3.84 0.0763125
-3.83 0.0767685
-3.82 0.0772287
-3.81 0.0776935
-3.8 0.0781627
-3.79 0.0786365
-3.78 0.079115
-3.77 0.0795981
-3.76 0.0800861
-3.75 0.0805788
-3.74 0.0810765
-3.73 0.0815791
-3.72 0.0820868
-3.71 0.0825997
-3.7 0.0831177
-3.69 0.083641
-3.68 0.0841697
-3.67 0.0847038
-3.66 0.0852434
-3.65 0.0857887
-3.64 0.0863396
-3.63 0.0868963
-3.62 0.0874589
-3.61 0.0880275
-3.6 0.0886021
-3.59 0.0891829
-3.58 0.0897699
-3.57 0.0903633
-3.56 0.0909631
-3.55 0.0915695
-3.54 0.0921825
-3.53 0.0928023
-3.52 0.093429
-3.51 0.0940626
-3.5 0.0947034
-3.49 0.0953514
-3.48 0.0960067
-3.47 0.0966695
-3.46 0.0973399
-3.45 0.0980181
-3.44 0.098704
-3.43 0.099398
-3.42 0.1001
-3.41 0.10081
-3.4 0.101529
-3.39 0.102256
-3.38 0.102993
-3.37 0.103737
-3.36 0.104491
-3.35 0.105254
-3.34 0.106027
-3.33 0.106809
-3.32 0.1076
-3.31 0.108401
-3.3 0.109213
-3.29 0.110034
-3.28 0.110866
-3.27 0.111709
-3.26 0.112562
-3.25 0.113427
-3.24 0.114302
-3.23 0.115189
-3.22 0.116087
-3.21 0.116998
-3.2 0.11792
-3.19 0.118854
-3.18 0.119801
-3.17 0.120761
-3.16 0.121734
-3.15 0.122719
-3.14 0.123719
-3.13 0.124731
-3.12 0.125758
-3.11 0.126799
-3.1 0.127855
-3.09 0.128925
-3.08 0.130011
-3.07 0.131111
-3.06 0.132228
-3.05 0.13336
-3.04 0.134508
-3.03 0.135673
-3.02 0.136855
-3.01 0.138054
-3 0.13927
-2.99 0.140504
-2.98 0.141756
-2.97 0.143027
-2.96 0.144317
-2.95 0.145625
-2.94 0.146954
-2.93 0.148302
-2.92 0.14967
-2.91 0.151059
-2.9 0.152469
-2.89 0.153901
-2.88 0.155354
-2.87 0.15683
-2.86 0.158328
-2.85 0.159849
-2.84 0.161393
-2.83 0.162961
-2.82 0.164554
-2.81 0.166171
-2.8 0.167814
-2.79 0.169481
-2.78 0.171175
-2.77 0.172896
-2.76 0.174643
-2.75 0.176417
-2.74 0.178219
-2.73 0.18005
-2.72 0.181909
-2.71 0.183797
-2.7 0.185715
-2.69 0.187663
-2.68 0.189641
-2.67 0.191651
-2.66 0.193692
-2.65 0.195765
-2.64 0.19787
-2.63 0.200008
-2.62 0.202179
-2.61 0.204384
-2.6 0.206623
-2.59 0.208897
-2.58 0.211206
-2.57 0.213551
-2.56 0.215931
-2.55 0.218348
-2.54 0.220802
-2.53 0.223293
-2.52 0.225822
-2.51 0.228388
-2.5 0.230993
-2.49 0.233637
-2.48 0.23632
-2.47 0.239042
-2.46 0.241805
-2.45 0.244607
-2.44 0.24745
-2.43 0.250333
-2.42 0.253257
-2.41 0.256223
-2.4 0.259229
-2.39 0.262278
-2.38 0.265368
-2.37 0.2685
-2.36 0.271673
-2.35 0.274889
-2.34 0.278147
-2.33 0.281447
-2.32 0.28479
-2.31 0.288174
-2.3 0.2916
-2.29 0.295068
-2.28 0.298578
-2.27 0.302129
-2.26 0.305721
-2.25 0.309354
-2.24 0.313028
-2.23 0.316742
-2.22 0.320496
-2.21 0.324289
-2.2 0.32812
-2.19 0.33199
-2.18 0.335897
-2.17 0.33984
-2.16 0.34382
-2.15 0.347834
-2.14 0.351882
-2.13 0.355964
-2.12 0.360078
-2.11 0.364222
-2.1 0.368396
-2.09 0.372599
-2.08 0.376828
-2.07 0.381083
-2.06 0.385362
-2.05 0.389664
-2.04 0.393986
-2.03 0.398328
-2.02 0.402686
-2.01 0.407059
-2 0.411446
-1.99 0.415843
-1.98 0.42025
-1.97 0.424662
-1.96 0.429078
-1.95 0.433496
-1.94 0.437912
-1.93 0.442324
-1.92 0.446729
-1.91 0.451124
-1.9 0.455506
-1.89 0.459872
-1.88 0.464219
-1.87 0.468542
-1.86 0.472839
-1.85 0.477106
-1.84 0.481339
-1.83 0.485534
-1.82 0.489688
-1.81 0.493796
-1.8 0.497854
-1.79 0.501857
-1.78 0.505802
-1.77 0.509684
-1.76 0.513497
-1.75 0.517238
-1.74 0.520902
-1.73 0.524482
-1.72 0.527975
-1.71 0.531376
-1.7 0.534678
-1.69 0.537876
-1.68 0.540965
-1.67 0.543939
-1.66 0.546793
-1.65 0.549521
-1.64 0.552116
-1.63 0.554573
-1.62 0.556886
-1.61 0.559048
-1.6 0.561053
-1.59 0.562895
-1.58 0.564568
-1.57 0.566064
-1.56 0.567378
-1.55 0.568503
-1.54 0.569432
-1.53 0.570159
-1.52 0.570676
-1.51 0.570977
-1.5 0.571056
-1.49 0.570904
-1.48 0.570516
-1.47 0.569885
-1.46 0.569002
-1.45 0.567863
-1.44 0.566459
-1.43 0.564785
-1.42 0.562832
-1.41 0.560594
-1.4 0.558065
-1.39 0.555238
-1.38 0.552105
-1.37 0.548661
-1.36 0.544898
-1.35 0.54081
-1.34 0.536392
-1.33 0.531635
-1.32 0.526535
-1.31 0.521084
-1.3 0.515278
-1.29 0.50911
-1.28 0.502574
-1.27 0.495665
-1.26 0.488378
-1.25 0.480707
-1.24 0.472646
-1.23 0.464192
-1.22 0.45534
-1.21 0.446084
-1.2 0.436421
-1.19 0.426347
-1.18 0.415858
-1.17 0.404949
-1.16 0.393619
-1.15 0.381864
-1.14 0.369681
-1.13 0.357067
-1.12 0.344021
-1.11 0.330541
-1.1 0.316624
-1.09 0.30227
-1.08 0.287477
-1.07 0.272246
-1.06 0.256575
-1.05 0.240465
-1.04 0.223917
-1.03 0.20693
-1.02 0.189507
-1.01 0.171648
-1 0.153356
-0.99 0.134633
-0.98 0.115482
-0.97 0.095905
-0.96 0.0759066
-0.95 0.0554904
-0.94 0.0346607
-0.93 0.0134222
-0.92 -0.00821986
-0.91 -0.0302599
-0.9 -0.0526919
-0.89 -0.0755095
-0.88 -0.0987056
-0.87 -0.122273
-0.86 -0.146204
-0.85 -0.170491
-0.84 -0.195125
-0.83 -0.220096
-0.82 -0.245396
-0.81 -0.271014
-0.8 -0.296941
-0.79 -0.323166
-0.78 -0.349676
-0.77 -0.376462
-0.76 -0.403511
-0.75 -0.430811
-0.74 -0.458349
-0.73 -0.486111
-0.72 -0.514086
-0.71 -0.542257
-0.7 -0.570613
-0.69 -0.599137
-0.68 -0.627815
-0.67 -0.656633
-0.66 -0.685573
-0.65 -0.714621
-0.64 -0.743761
-0.63 -0.772975
-0.62 -0.802247
-0.61 -0.831561
-0.6 -0.860899
-0.59 -0.890244
-0.58 -0.919577
-0.57 -0.948882
-0.56 -0.97814
-0.55 -1.00733
-0.54 -1.03644
-0.53 -1.06545
-0.52 -1.09434
-0.51 -1.12309
-0.5 -1.15168
-0.49 -1.18009
-0.48 -1.20831
-0.47 -1.23631
-0.46 -1.26408
-0.45 -1.2916
-0.44 -1.31885
-0.43 -1.3458
-0.42 -1.37245
-0.41 -1.39877
-0.4 -1.42474
-0.39 -1.45035
-0.38 -1.47558
-0.37 -1.50041
-0.36 -1.52481
-0.35 -1.54878
-0.34 -1.5723
-0.33 -1.59534
-0.32 -1.6179
-0.31 -1.63995
-0.3 -1.66148
-0.29 -1.68247
-0.28 -1.7029
-0.27 -1.72277
-0.26 -1.74206
-0.25 -1.76074
-0.24 -1.77881
-0.23 -1.79626
-0.22 -1.81306
-0.21 -1.82921
-0.2 -1.8447
-0.19 -1.85951
-0.18 -1.87362
-0.17 -1.88704
-0.16 -1.89975
-0.15 -1.91173
-0.14 -1.92299
-0.13 -1.93351
-0.12 -1.94327
-0.11 -1.95229
-0.1 -1.96054
-0.09 -1.96802
-0.08 -1.97473
-0.07 -1.98066
-0.06 -1.9858
-0.05 -1.99016
-0.04 -1.99372
-0.03 -1.99649
-0.02 -1.99846
-0.01 -1.99963
0 -2
0.01 -1.99963
0.02 -1.99846
0.03 -1.99649
0.04 -1.99372
0.05 -1.99016
0.06 -1.9858
0.07 -1.98066
0.08 -1.97473
0.09 -1.96802
0.1 -1.96054
0.11 -1.95229
0.12 -1.94327
0.13 -1.93351
0.14 -1.92299
0.15 -1.91173
0.16 -1.89975
0.17 -1.88704
0.18 -1.87362
0.19 -1.85951
0.2 -1.8447
0.21 -1.82921
0.22 -1.81306
0.23 -1.79626
0.24 -1.77881
0.25 -1.76074
0.26 -1.74206
0.27 -1.72277
0.28 -1.7029
0.29 -1.68247
0.3 -1.66148
0.31 -1.63995
0.32 -1.6179
0.33 -1.59534
0.34 -1.5723
0.35 -1.54878
0.36 -1.52481
0.37 -1.50041
0.38 -1.47558
0.39 -1.45035
0.4 -1.42474
0.41 -1.39877
0.42 -1.37245
0.43 -1.3458
0.44 -1.31885
0.45 -1.2916
0.46 -1.26408
0.47 -1.23631
0.48 -1.20831
0.49 -1.18009
0.5 -1.15168
0.51 -1.12309
0.52 -1.09434
0.53 -1.06545
0.54 -1.03644
0.55 -1.00733
0.56 -0.97814
0.57 -0.948882
0.58 -0.919577
0.59 -0.890244
0.6 -0.860899
0.61 -0.831561
0.62 -0.802247
0.63 -0.772975
0.64 -0.743761
0.65 -0.714621
0.66 -0.685573
0.67 -0.656633
0.68 -0.627815
0.69 -0.599137
0.7 -0.570613
0.71 -0.542257
0.72 -0.514086
0.73 -0.486111
0.74 -0.458349
0.75 -0.430811
0.76 -0.403511
0.77 -0.376462
0.78 -0.349676
0.79 -0.323166
0.8 -0.296941
0.81 -0.271014
0.82 -0.245396
0.83 -0.220096
0.84 -0.195125
0.85 -0.170491
0.86 -0.146204
0.87 -0.122273
0.88 -0.0987056
0.89 -0.0755095
0.9 -0.0526919
0.91 -0.0302599
0.92 -0.00821986
0.93 0.0134222
0.94 0.0346607
0.95 0.0554904
0.96 0.0759066
0.97 0.095905
0.98 0.115482
0.99 0.134633
1 0.153356
1.01 0.171648
1.02 0.189507
1.03 0.20693
1.04 0.223917
1.05 0.240465
1.06 0.256575
1.07 0.272246
1.08 0.287477
1.09 0.30227
1.1 0.316624
1.11 0.330541
1.12 0.344021
1.13 0.357067
1.14 0.369681
1.15 0.381864
1.16 0.393619
1.17 0.404949
1.18 0.415858
1.19 0.426347
1.2 0.436421
1.21 0.446084
1.22 0.45534
1.23 0.464192
1.24 0.472646
1.25 0.480707
1.26 0.488378
1.27 0.495665
1.28 0.502574
1.29 0.50911
1.3 0.515278
1.31 0.521084
1.32 0.526535
1.33 0.531635
1.34 0.536392
1.35 0.54081
1.36 0.544898
1.37 0.548661
1.38 0.552105
1.39 0.555238
1.4 0.558065
1.41 0.560594
1.42 0.562832
1.43 0.564785
1.44 0.566459
1.45 0.567863
1.46 0.569002
1.47 0.569885
1.48 0.570516
1.49 0.570904
1.5 0.571056
1.51 0.570977
1.52 0.570676
1.53 0.570159
1.54 0.569432
1.55 0.568503
1.56 0.567378
1.57 0.566064
1.58 0.564568
1.59 0.562895
1.6 0.561053
1.61 0.559048
1.62 0.556886
1.63 0.554573
1.64 0.552116
1.65 0.549521
1.66 0.546793
1.67 0.543939
1.68 0.540965
1.69 0.537876
1.7 0.534678
1.71 0.531376
1.72 0.527975
1.73 0.524482
1.74 0.520902
1.75 0.517238
1.76 0.513497
1.77 0.509684
1.78 0.505802
1.79 0.501857
1.8 0.497854
1.81 0.493796
1.82 0.489688
1.83 0.485534
1.84 0.481339
1.85 0.477106
1.86 0.472839
1.87 0.468542
1.88 0.464219
1.89 0.459872
1.9 0.455506
1.91 0.451124
1.92 0.446729
1.93 0.442324
1.94 0.437912
1.95 0.433496
1.96 0.429078
1.97 0.424662
1.98 0.42025
1.99 0.415843
2 0.411446
2.01 0.407059
2.02 0.402686
2.03 0.398328
2.04 0.393986
2.05 0.389664
2.06 0.385362
2.07 0.381083
2.08 0.376828
2.09 0.372599
2.1 0.368396
2.11 0.364222
2.12 0.360078
2.13 0.355964
2.14 0.351882
2.15 0.347834
2.16 0.34382
2.17 0.33984
2.18 0.335897
2.19 0.33199
2.2 0.32812
2.21 0.324289
2.22 0.320496
2.23 0.316742
2.24 0.313028
2.25 0.309354
2.26 0.305721
2.27 0.302129
2.28 0.298578
2.29 0.295068
2.3 0.2916
2.31 0.288174
2.32 0.28479
2.33 0.281447
2.34 0.278147
2.35 0.274889
2.36 0.271673
2.37 0.2685
2.38 0.265368
2.39 0.262278
2.4 0.259229
2.41 0.256223
2.42 0.253257
2.43 0.250333
2.44 0.24745
2.45 0.244607
2.46 0.241805
2.47 0.239042
2.48 0.23632
2.49 0.233637
2.5 0.230993
2.51 0.228388
2.52 0.225822
2.53 0.223293
2.54 0.220802
2.55 0.218348
2.56 0.215931
2.57 0.213551
2.58 0.211206
2.59 0.208897
2.6 0.206623
2.61 0.204384
2.62 0.202179
2.63 0.200008
2.64 0.19787
2.65 0.195765
2.66 0.193692
2.67 0.191651
2.68 0.189641
2.69 0.187663
2.7 0.185715
2.71 0.183797
2.72 0.181909
2.73 0.18005
2.74 0.178219
2.75 0.176417
2.76 0.174643
2.77 0.172896
2.78 0.171175
2.79 0.169481
2.8 0.167814
2.81 0.166171
2.82 0.164554
2.83 0.162961
2.84 0.161393
2.85 0.159849
2.86 0.158328
2.87 0.15683
2.88 0.155354
2.89 0.153901
2.9 0.152469
2.91 0.151059
2.92 0.14967
2.93 0.148302
2.94 0.146954
2.95 0.145625
2.96 0.144317
2.97 0.143027
2.98 0.141756
2.99 0.140504
3 0.13927
3.01 0.138054
3.02 0.136855
3.03 0.135673
3.04 0.134508
3.05 0.13336
3.06 0.132228
3.07 0.131111
3.08 0.130011
3.09 0.128925
3.1 0.127855
3.11 0.126799
3.12 0.125758
3.13 0.124731
3.14 0.123719
3.15 0.122719
3.16 0.121734
3.17 0.120761
3.18 0.119801
3.19 0.118854
3.2 0.11792
3.21 0.116998
3.22 0.116087
3.23 0.115189
3.24 0.114302
3.25 0.113427
3.26 0.112562
3.27 0.111709
3.28 0.110866
3.29 0.110034
3.3 0.109213
3.31 0.108401
3.32 0.1076
3.33 0.106809
3.34 0.106027
3.35 0.105254
3.36 0.104491
3.37 0.103737
3.38 0.102993
3.39 0.102256
3.4 0.101529
3.41 0.10081
3.42 0.1001
3.43 0.099398
3.44 0.098704
3.45 0.0980181
3.46 0.0973399
3.47 0.0966695
3.48 0.0960067
3.49 0.0953514
3.5 0.0947034
3.51 0.0940626
3.52 0.093429
3.53 0.0928023
3.54 0.0921825
3.55 0.0915695
3.56 0.0909631
3.57 0.0903633
3.58 0.0897699
3.59 0.0891829
3.6 0.0886021
3.61 0.0880275
3.62 0.0874589
3.63 0.0868963
3.64 0.0863396
3.65 0.0857887
3.66 0.0852434
3.67 0.0847038
3.68 0.0841697
3.69 0.083641
3.7 0.0831177
3.71 0.0825997
3.72 0.0820868
3.73 0.0815791
3.74 0.0810765
3.75 0.0805788
3.76 0.0800861
3.77 0.0795981
3.78 0.079115
3.79 0.0786365
3.8 0.0781627
3.81 0.0776935
3.82 0.0772287
3.83 0.0767685
3.84 0.0763125
3.85 0.075861
3.86 0.0754136
3.87 0.0749705
3.88 0.0745315
3.89 0.0740967
3.9 0.0736658
3.91 0.073239
3.92 0.072816
3.93 0.072397
3.94 0.0719818
3.95 0.0715703
3.96 0.0711626
3.97 0.0707586
3.98 0.0703582
3.99 0.0699613
4 0.0695681
4.01 0.0691783
4.02 0.0687919
4.03 0.068409
4.04 0.0680295
4.05 0.0676532
4.06 0.0672802
4.07 0.0669105
4.08 0.066544
4.09 0.0661807
4.1 0.0658204
4.11 0.0654633
4.12 0.0651092
4.13 0.0647581
4.14 0.0644099
4.15 0.0640648
4.16 0.0637225
4.17 0.0633831
4.18 0.0630465
4.19 0.0627127
4.2 0.0623817
4.21 0.0620534
4.22 0.0617279
4.23 0.061405
4.24 0.0610847
4.25 0.0607671
4.26 0.0604521
4.27 0.0601396
4.28 0.0598296
4.29 0.0595221
4.3 0.0592171
4.31 0.0589145
4.32 0.0586143
4.33 0.0583166
4.34 0.0580211
4.35 0.057728
4.36 0.0574373
4.37 0.0571488
4.38 0.0568625
4.39 0.0565785
4.4 0.0562967
4.41 0.0560171
4.42 0.0557396
4.43 0.0554643
4.44 0.0551911
4.45 0.05492
4.46 0.0546509
4.47 0.0543839
4.48 0.0541189
4.49 0.053856
4.5 0.053595
4.51 0.053336
4.52 0.0530789
4.53 0.0528237
4.54 0.0525704
4.55 0.0523191
4.56 0.0520696
4.57 0.0518219
4.58 0.051576
4.59 0.051332
4.6 0.0510897
4.61 0.0508493
4.62 0.0506105
4.63 0.0503735
4.64 0.0501382
4.65 0.0499047
4.66 0.0496728
4.67 0.0494425
4.68 0.049214
4.69 0.048987
4.7 0.0487617
4.71 0.0485379
4.72 0.0483158
4.73 0.0480952
4.74 0.0478762
4.75 0.0476587
4.76 0.0474428
4.77 0.0472283
4.78 0.0470154
4.79 0.0468039
4.8 0.0465939
4.81 0.0463853
4.82 0.0461782
4.83 0.0459725
4.84 0.0457683
4.85 0.0455654
4.86 0.0453639
4.87 0.0451638
4.88 0.044965
4.89 0.0447676
4.9 0.0445715
4.91 0.0443768
4.92 0.0441833
4.93 0.0439912
4.94 0.0438003
4.95 0.0436107
4.96 0.0434224
4.97 0.0432353
4.98 0.0430495
4.99 0.0428649
5 0.0426815
5.01 0.0424993
5.02 0.0423183
5.03 0.0421385
5.04 0.0419599
5.05 0.0417824
5.06 0.0416061
5.07 0.0414309
5.08 0.0412569
5.09 0.041084
5.1 0.0409122
5.11 0.0407415
5.12 0.0405718
5.13 0.0404033
5.14 0.0402359
5.15 0.0400695
5.16 0.0399042
5.17 0.0397399
5.18 0.0395766
5.19 0.0394144
5.2 0.0392532
5.21 0.039093
5.22 0.0389338
5.23 0.0387756
5.24 0.0386184
5.25 0.0384622
5.26 0.0383069
5.27 0.0381526
5.28 0.0379993
5.29 0.0378469
5.3 0.0376954
5.31 0.0375449
5.32 0.0373952
5.33 0.0372465
5.34 0.0370987
5.35 0.0369518
5.36 0.0368058
5.37 0.0366607
5.38 0.0365164
5.39 0.036373
5.4 0.0362305
5.41 0.0360888
5.42 0.035948
5.43 0.035808
5.44 0.0356689
5.45 0.0355306
5.46 0.0353931
5.47 0.0352564
5.48 0.0351205
5.49 0.0349854
5.5 0.0348511
5.51 0.0347176
5.52 0.0345849
5.53 0.0344529
5.54 0.0343218
5.55 0.0341914
5.56 0.0340617
5.57 0.0339328
5.58 0.0338046
5.59 0.0336772
5.6 0.0335505
5.61 0.0334246
5.62 0.0332993
5.63 0.0331748
5.64 0.033051
5.65 0.0329279
5.66 0.0328055
5.67 0.0326838
5.68 0.0325628
5.69 0.0324425
5.7 0.0323228
5.71 0.0322038
5.72 0.0320855
5.73 0.0319678
5.74 0.0318508
5.75 0.0317345
5.76 0.0316188
5.77 0.0315038
5.78 0.0313893
5.79 0.0312756
5.8 0.0311624
5.81 0.0310499
5.82 0.030938
5.83 0.0308267
5.84 0.030716
5.85 0.0306059
5.86 0.0304965
5.87 0.0303876
5.88 0.0302793
5.89 0.0301716
5.9 0.0300645
5.91 0.029958
5.92 0.029852
5.93 0.0297466
5.94 0.0296418
5.95 0.0295375
5.96 0.0294338
5.97 0.0293307
5.98 0.0292281
5.99 0.029126
6 0.0290245
6.01 0.0289236
6.02 0.0288231
6.03 0.0287232
6.04 0.0286239
6.05 0.028525
6.06 0.0284267
6.07 0.0283289
6.08 0.0282316
6.09 0.0281348
6.1 0.0280385
6.11 0.0279427
6.12 0.0278474
6.13 0.0277526
6.14 0.0276583
6.15 0.0275645
6.16 0.0274711
6.17 0.0273783
6.18 0.0272859
6.19 0.027194
6.2 0.0271026
6.21 0.0270116
6.22 0.0269211
6.23 0.0268311
6.24 0.0267415
6.25 0.0266524
6.26 0.0265637
6.27 0.0264755
6.28 0.0263877
6.29 0.0263003
6.3 0.0262134
6.31 0.026127
6.32 0.0260409
6.33 0.0259553
6.34 0.0258702
6.35 0.0257854
6.36 0.0257011
6.37 0.0256172
6.38 0.0255337
6.39 0.0254506
6.4 0.025368
6.41 0.0252857
6.42 0.0252038
6.43 0.0251224
6.44 0.0250413
6.45 0.0249607
6.46 0.0248804
6.47 0.0248006
6.48 0.0247211
6.49 0.024642
6.5 0.0245633
6.51 0.024485
6.52 0.024407
6.53 0.0243295
6.54 0.0242523
6.55 0.0241754
6.56 0.024099
6.57 0.0240229
6.58 0.0239472
6.59 0.0238718
6.6 0.0237968
6.61 0.0237222
6.62 0.0236479
6.63 0.023574
6.64 0.0235004
6.65 0.0234271
6.66 0.0233542
6.67 0.0232817
6.68 0.0232095
6.69 0.0231376
6.7 0.0230661
6.71 0.0229949
6.72 0.0229241
6.73 0.0228535
6.74 0.0227833
6.75 0.0227135
6.76 0.0226439
6.77 0.0225747
6.78 0.0225058
6.79 0.0224372
6.8 0.022369
6.81 0.022301
6.82 0.0222334
6.83 0.022166
6.84 0.022099
6.85 0.0220323
6.86 0.0219659
6.87 0.0218998
6.88 0.021834
6.89 0.0217685
6.9 0.0217033
6.91 0.0216384
6.92 0.0215738
6.93 0.0215095
6.94 0.0214455
6.95 0.0213817
6.96 0.0213183
6.97 0.0212551
6.98 0.0211922
6.99 0.0211296
7 0.0210673
7.01 0.0210052
7.02 0.0209435
7.03 0.020882
7.04 0.0208208
7.05 0.0207598
7.06 0.0206992
7.07 0.0206387
7.08 0.0205786
7.09 0.0205187
7.1 0.0204591
7.11 0.0203998
7.12 0.0203407
7.13 0.0202819
7.14 0.0202233
7.15 0.020165
7.16 0.0201069
7.17 0.0200491
7.18 0.0199916
7.19 0.0199343
7.2 0.0198772
7.21 0.0198204
7.22 0.0197638
7.23 0.0197075
7.24 0.0196514
7.25 0.0195956
7.26 0.01954
7.27 0.0194847
7.28 0.0194295
7.29 0.0193747
7.3 0.01932
7.31 0.0192656
7.32 0.0192114
7.33 0.0191575
7.34 0.0191037
7.35 0.0190503
7.36 0.018997
7.37 0.0189439
7.38 0.0188911
7.39 0.0188385
7.4 0.0187862
7.41 0.018734
7.42 0.0186821
7.43 0.0186304
7.44 0.0185789
7.45 0.0185276
7.46 0.0184765
7.47 0.0184257
7.48 0.018375
7.49 0.0183246
7.5 0.0182743
7.51 0.0182243
7.52 0.0181745
7.53 0.0181249
7.54 0.0180755
7.55 0.0180263
7.56 0.0179773
7.57 0.0179285
7.58 0.01788
7.59 0.0178316
7.6 0.0177834
7.61 0.0177354
7.62 0.0176876
7.63 0.01764
7.64 0.0175926
7.65 0.0175453
7.66 0.0174983
7.67 0.0174515
7.68 0.0174048
7.69 0.0173584
7.7 0.0173121
7.71 0.017266
7.72 0.0172201
7.73 0.0171744
7.74 0.0171289
7.75 0.0170835
7.76 0.0170384
7.77 0.0169934
7.78 0.0169486
7.79 0.0169039
7.8 0.0168595
7.81 0.0168152
7.82 0.0167711
7.83 0.0167272
7.84 0.0166834
7.85 0.0166399
7.86 0.0165965
7.87 0.0165532
7.88 0.0165102
7.89 0.0164673
7.9 0.0164245
7.91 0.016382
7.92 0.0163396
7.93 0.0162974
7.94 0.0162553
7.95 0.0162134
7.96 0.0161717
7.97 0.0161301
7.98 0.0160887
7.99 0.0160474
8 0.0160064
8.01 0.0159654
8.02 0.0159247
8.03 0.015884
8.04 0.0158436
8.05 0.0158033
8.06 0.0157631
8.07 0.0157231
8.08 0.0156833
8.09 0.0156436
8.1 0.0156041
8.11 0.0155647
8.12 0.0155255
8.13 0.0154864
8.14 0.0154474
8.15 0.0154086
8.16 0.01537
8.17 0.0153315
8.18 0.0152932
8.19 0.015255
8.2 0.0152169
8.21 0.015179
8.22 0.0151412
8.23 0.0151036
8.24 0.0150661
8.25 0.0150287
8.26 0.0149915
8.27 0.0149544
8.28 0.0149175
8.29 0.0148807
8.3 0.0148441
8.31 0.0148075
8.32 0.0147711
8.33 0.0147349
8.34 0.0146988
8.35 0.0146628
8.36 0.0146269
8.37 0.0145912
8.38 0.0145556
8.39 0.0145202
8.4 0.0144849
8.41 0.0144497
8.42 0.0144146
8.43 0.0143797
8.44 0.0143448
8.45 0.0143102
8.46 0.0142756
8.47 0.0142412
8.48 0.0142069
8.49 0.0141727
8.5 0.0141386
8.51 0.0141047
8.52 0.0140709
8.53 0.0140372
8.54 0.0140036
8.55 0.0139702
8.56 0.0139369
8.57 0.0139037
8.58 0.0138706
8.59 0.0138376
8.6 0.0138048
8.61 0.013772
8.62 0.0137394
8.63 0.0137069
8.64 0.0136746
8.65 0.0136423
8.66 0.0136101
8.67 0.0135781
8.68 0.0135462
8.69 0.0135144
8.7 0.0134827
8.71 0.0134511
8.72 0.0134196
8.73 0.0133883
8.74 0.013357
8.75 0.0133259
8.76 0.0132948
8.77 0.0132639
8.78 0.0132331
8.79 0.0132024
8.8 0.0131718
8.81 0.0131413
8.82 0.0131109
8.83 0.0130807
8.84 0.0130505
8.85 0.0130204
8.86 0.0129905
8.87 0.0129606
8.88 0.0129308
8.89 0.0129012
8.9 0.0128716
8.91 0.0128422
8.92 0.0128128
8.93 0.0127836
8.94 0.0127545
8.95 0.0127254
8.96 0.0126965
8.97 0.0126676
8.98 0.0126389
8.99 0.0126102
9 0.0125817
9.01 0.0125532
9.02 0.0125249
9.03 0.0124966
9.04 0.0124685
9.05 0.0124404
9.06 0.0124124
9.07 0.0123845
9.08 0.0123568
9.09 0.0123291
9.1 0.0123015
9.11 0.012274
9.12 0.0122466
9.13 0.0122192
9.14 0.012192
9.15 0.0121649
9.16 0.0121378
9.17 0.0121109
9.18 0.012084
9.19 0.0120573
9.2 0.0120306
9.21 0.012004
9.22 0.0119775
9.23 0.0119511
9.24 0.0119247
9.25 0.0118985
9.26 0.0118723
9.27 0.0118463
9.28 0.0118203
9.29 0.0117944
9.3 0.0117686
9.31 0.0117429
9.32 0.0117172
9.33 0.0116917
9.34 0.0116662
9.35 0.0116408
9.36 0.0116155
9.37 0.0115903
9.38 0.0115652
9.39 0.0115401
9.4 0.0115151
9.41 0.0114902
9.42 0.0114654
9.43 0.0114407
9.44 0.011416
9.45 0.0113915
9.46 0.011367
9.47 0.0113426
9.48 0.0113182
9.49 0.011294
9.5 0.0112698
9.51 0.0112457
9.52 0.0112217
9.53 0.0111977
9.54 0.0111739
9.55 0.0111501
9.56 0.0111264
9.57 0.0111027
9.58 0.0110792
9.59 0.0110557
9.6 0.0110323
9.61 0.0110089
9.62 0.0109857
9.63 0.0109625
9.64 0.0109394
9.65 0.0109163
9.66 0.0108934
9.67 0.0108705
9.68 0.0108477
9.69 0.0108249
9.7 0.0108022
9.71 0.0107796
9.72 0.0107571
9.73 0.0107346
9.74 0.0107122
9.75 0.0106899
9.76 0.0106677
9.77 0.0106455
9.78 0.0106234
9.79 0.0106013
9.8 0.0105793
9.81 0.0105574
9.82 0.0105356
9.83 0.0105138
9.84 0.0104921
9.85 0.0104705
9.86 0.0104489
9.87 0.0104274
9.88 0.010406
9.89 0.0103846
9.9 0.0103633
9.91 0.0103421
9.92 0.0103209
9.93 0.0102998
9.94 0.0102788
9.95 0.0102578
9.96 0.0102369
9.97 0.010216
9.98 0.0101953
9.99 0.0101745
10 0.0101539
